budget_candidate_recalled_frames,c1_same_state_correct_frames,c1_same_state_failed_frames,candidate_evaluations,candidate_quality_squared_error_sum,changed_candidate_indices,correct_query_writes_prevented,extra_visual_forwards,failed_frames,failure_events,frames,known_active_template_frames,known_candidate_evaluations,known_paused_query_writes,known_template_updates,local_candidate_recalled_frames,local_missing_frames,mean_valid_iou,memory_rgb_target_read_known_mass,memory_rgb_target_read_wrong_mass,memory_rgb_target_write_known_mass,memory_rgb_target_write_wrong_mass,memory_tir_target_read_known_mass,memory_tir_target_read_wrong_mass,memory_tir_target_write_known_mass,memory_tir_target_write_wrong_mass,missing_correct_candidates_reintroduced,paused_actions,paused_query_writes,recovered_events,reintroduced_candidates_selected_correctly,requested_extra_area_sum_pixels_squared,requested_extra_searches,same_state_harms,same_state_iou_degradations,same_state_iou_improvements,same_state_rescues,searches_without_new_correct_candidate,selected_failed_frames,sequence,template_updates,tracking_frames,valid_changed_candidate_indices,valid_frames,valid_tracking_frames,variant,wrong_active_template_frames_localization_proxy,wrong_query_writes_prevented_localization_proxy,wrong_template_updates_localization_proxy
,,,,,,,,0,0,333,,,,,,,0.7931903014780743,,,,,,,,,,,,0,,,,,,,,,,10rightblackboy,,,,332,,baseline,,,
,,,,,,,,0,0,224,,,,,,,0.8600760023328342,,,,,,,,,,,,0,,,,,,,,,,1boygo,,,,223,,baseline,,,
,,,,,,,,0,0,138,,,,,,,0.7036440453402357,,,,,,,,,,,,0,,,,,,,,,,2girlgoleft,,,,137,,baseline,,,
,,,,,,,,0,0,122,,,,,,,0.8340247564828952,,,,,,,,,,,,0,,,,,,,,,,2outdark,,,,121,,baseline,,,
,,,,,,,,0,0,135,,,,,,,0.8680172148835827,,,,,,,,,,,,0,,,,,,,,,,2rdtribike,,,,134,,baseline,,,
,,,,,,,,324,3,449,,,,,,,0.1704300241589245,,,,,,,,,,,,2,,,,,,,,,,3whitemen,,,,448,,baseline,,,
,,,,,,,,0,0,192,,,,,,,0.8313198371197112,,,,,,,,,,,,0,,,,,,,,,,4one,,,,191,,baseline,,,
,,,,,,,,0,0,184,,,,,,,0.8385853546538425,,,,,,,,,,,,0,,,,,,,,,,4two,,,,183,,baseline,,,
,,,,,,,,3,1,124,,,,,,,0.7508329389075038,,,,,,,,,,,,1,,,,,,,,,,9whitegirl,,,,123,,baseline,,,
,,,,,,,,182,7,986,,,,,,,0.6124236637312366,,,,,,,,,,,,7,,,,,,,,,,Aboydownbike,,,,985,,baseline,,,
,,,,,,,,437,44,8406,,,,,,,0.7000781346289379,,,,,,,,,,,,44,,,,,,,,,,ab_bolster,,,,8393,,baseline,,,
,,,,,,,,5,1,172,,,,,,,0.8085636034244239,,,,,,,,,,,,1,,,,,,,,,,ab_motocometurn,,,,168,,baseline,,,
,,,,,,,,3,1,65,,,,,,,0.7366534561973914,,,,,,,,,,,,1,,,,,,,,,,ab_mototurn,,,,64,,baseline,,,
,,,,,,,,2232,52,6981,,,,,,,0.49071797375650994,,,,,,,,,,,,52,,,,,,,,,,ab_rightcupcoming_infwhite_quezhen,,,,6980,,baseline,,,
,,,,,,,,0,0,227,,,,,,,0.8147495766241794,,,,,,,,,,,,0,,,,,,,,,,abeauty_1202,,,,226,,baseline,,,
,,,,,,,,0,0,159,,,,,,,0.918821354944955,,,,,,,,,,,,0,,,,,,,,,,aboy_1202,,,,158,,baseline,,,
,,,,,,,,0,0,273,,,,,,,0.9099240404249361,,,,,,,,,,,,0,,,,,,,,,,agirl_1202,,,,272,,baseline,,,
,,,,,,,,0,0,883,,,,,,,0.8669657949462239,,,,,,,,,,,,0,,,,,,,,,,ajiandan_blkdog,,,,882,,baseline,,,
,,,,,,,,50,2,175,,,,,,,0.5537423726321282,,,,,,,,,,,,1,,,,,,,,,,basketball,,,,174,,baseline,,,
,,,,,,,,23,2,110,,,,,,,0.48934110160420835,,,,,,,,,,,,1,,,,,,,,,,basketballshooting,,,,109,,baseline,,,
,,,,,,,,0,0,150,,,,,,,0.8500433985975272,,,,,,,,,,,,0,,,,,,,,,,bike150,,,,149,,baseline,,,
,,,,,,,,9,1,314,,,,,,,0.6516755912348475,,,,,,,,,,,,1,,,,,,,,,,bikecoming,,,,313,,baseline,,,
,,,,,,,,2,0,256,,,,,,,0.7245245824745925,,,,,,,,,,,,0,,,,,,,,,,blackboy256,,,,255,,baseline,,,
,,,,,,,,3,0,316,,,,,,,0.7580513601890777,,,,,,,,,,,,0,,,,,,,,,,blackman_0115,,,,315,,baseline,,,
,,,,,,,,0,0,112,,,,,,,0.8570360375886568,,,,,,,,,,,,0,,,,,,,,,,blkbikecomes,,,,111,,baseline,,,
,,,,,,,,0,0,329,,,,,,,0.8836935746415805,,,,,,,,,,,,0,,,,,,,,,,blkboy,,,,328,,baseline,,,
,,,,,,,,0,0,181,,,,,,,0.892418396251467,,,,,,,,,,,,0,,,,,,,,,,blkboywithbluebag,,,,180,,baseline,,,
,,,,,,,,3,0,451,,,,,,,0.7811984311977587,,,,,,,,,,,,0,,,,,,,,,,blkboywithumbrella,,,,450,,baseline,,,
,,,,,,,,0,0,392,,,,,,,0.8815931292254288,,,,,,,,,,,,0,,,,,,,,,,blkcarfollowingwhite,,,,391,,baseline,,,
,,,,,,,,0,0,228,,,,,,,0.8523028141446048,,,,,,,,,,,,0,,,,,,,,,,blueboybike,,,,227,,baseline,,,
,,,,,,,,0,0,459,,,,,,,0.90118191708849,,,,,,,,,,,,0,,,,,,,,,,bluelittletruck,,,,458,,baseline,,,
,,,,,,,,58,3,247,,,,,,,0.5586772010083618,,,,,,,,,,,,3,,,,,,,,,,boybackpack,,,,246,,baseline,,,
,,,,,,,,190,3,318,,,,,,,0.3041346334834547,,,,,,,,,,,,2,,,,,,,,,,boybesidescarwithouthat,,,,317,,baseline,,,
,,,,,,,,48,1,282,,,,,,,0.5797926420962517,,,,,,,,,,,,0,,,,,,,,,,boyfollowing,,,,281,,baseline,,,
,,,,,,,,0,0,757,,,,,,,0.8985838489051734,,,,,,,,,,,,0,,,,,,,,,,boyinsnowfield4,,,,756,,baseline,,,
,,,,,,,,0,0,382,,,,,,,0.8501756148257572,,,,,,,,,,,,0,,,,,,,,,,boyleave,,,,381,,baseline,,,
,,,,,,,,0,0,83,,,,,,,0.7371686816208017,,,,,,,,,,,,0,,,,,,,,,,boyouttrees,,,,82,,baseline,,,
,,,,,,,,2,0,386,,,,,,,0.8182537991794323,,,,,,,,,,,,0,,,,,,,,,,boyrightrubbish,,,,385,,baseline,,,
,,,,,,,,3,0,161,,,,,,,0.779893603002138,,,,,,,,,,,,0,,,,,,,,,,boysback,,,,159,,baseline,,,
,,,,,,,,0,0,88,,,,,,,0.851372253059251,,,,,,,,,,,,0,,,,,,,,,,boysitbike,,,,87,,baseline,,,
,,,,,,,,14,1,441,,,,,,,0.6619545594251783,,,,,,,,,,,,1,,,,,,,,,,boysumbrella,,,,440,,baseline,,,
,,,,,,,,517,4,809,,,,,,,0.2600257533339453,,,,,,,,,,,,3,,,,,,,,,,boytakepath,,,,808,,baseline,,,
,,,,,,,,0,0,392,,,,,,,0.8300640130157807,,,,,,,,,,,,0,,,,,,,,,,browncarturn,,,,391,,baseline,,,
,,,,,,,,0,0,141,,,,,,,0.8963679419612027,,,,,,,,,,,,0,,,,,,,,,,carcomeonlight2,,,,140,,baseline,,,
,,,,,,,,0,0,158,,,,,,,0.8069549458423841,,,,,,,,,,,,0,,,,,,,,,,comebike,,,,157,,baseline,,,
,,,,,,,,219,12,930,,,,,,,0.6117165757029325,,,,,,,,,,,,12,,,,,,,,,,dotat43,,,,929,,baseline,,,
,,,,,,,,0,0,53,,,,,,,0.8691859459054541,,,,,,,,,,,,0,,,,,,,,,,downmoto,,,,52,,baseline,,,
,,,,,,,,0,0,195,,,,,,,0.8399379213944277,,,,,,,,,,,,0,,,,,,,,,,easy_4women,,,,193,,baseline,,,
,,,,,,,,0,0,266,,,,,,,0.8579091003792199,,,,,,,,,,,,0,,,,,,,,,,elector_0115,,,,265,,baseline,,,
,,,,,,,,136,7,1161,,,,,,,0.5947528664766424,,,,,,,,,,,,7,,,,,,,,,,exercisebook,,,,1160,,baseline,,,
,,,,,,,,1,0,151,,,,,,,0.8283659413233674,,,,,,,,,,,,0,,,,,,,,,,folddenumbrellainhand,,,,150,,baseline,,,
,,,,,,,,0,0,109,,,,,,,0.8323307466873144,,,,,,,,,,,,0,,,,,,,,,,girlbike,,,,108,,baseline,,,
,,,,,,,,313,1,388,,,,,,,0.15711250388597076,,,,,,,,,,,,0,,,,,,,,,,girlblack,,,,387,,baseline,,,
,,,,,,,,1,0,67,,,,,,,0.6662605242462556,,,,,,,,,,,,0,,,,,,,,,,girlintrees,,,,66,,baseline,,,
,,,,,,,,5,1,307,,,,,,,0.761182552496252,,,,,,,,,,,,1,,,,,,,,,,girlwithredhat,,,,306,,baseline,,,
,,,,,,,,34,1,244,,,,,,,0.6798228573132813,,,,,,,,,,,,1,,,,,,,,,,guardatbike_ab,,,,216,,baseline,,,
,,,,,,,,43,1,116,,,,,,,0.5244730638695937,,,,,,,,,,,,0,,,,,,,,,,guardman,,,,115,,baseline,,,
,,,,,,,,497,12,1611,,,,,,,0.5319933295858312,,,,,,,,,,,,12,,,,,,,,,,leftbasketball,,,,1610,,baseline,,,
,,,,,,,,4,1,405,,,,,,,0.8303861591370033,,,,,,,,,,,,1,,,,,,,,,,leftof2girls,,,,404,,baseline,,,
,,,,,,,,45,1,286,,,,,,,0.6148456079862351,,,,,,,,,,,,0,,,,,,,,,,lonelyman,,,,285,,baseline,,,
,,,,,,,,0,0,151,,,,,,,0.7402850068231571,,,,,,,,,,,,0,,,,,,,,,,man,,,,150,,baseline,,,
,,,,,,,,32,3,505,,,,,,,0.6427755210637041,,,,,,,,,,,,3,,,,,,,,,,man2startmoto,,,,504,,baseline,,,
,,,,,,,,15,1,100,,,,,,,0.5627969332636011,,,,,,,,,,,,1,,,,,,,,,,manafetrtrees,,,,99,,baseline,,,
,,,,,,,,0,0,204,,,,,,,0.7694537547191134,,,,,,,,,,,,0,,,,,,,,,,meituanbike,,,,203,,baseline,,,
,,,,,,,,1,0,309,,,,,,,0.714041408570391,,,,,,,,,,,,0,,,,,,,,,,moto2north2,,,,308,,baseline,,,
,,,,,,,,0,0,78,,,,,,,0.9107133650701199,,,,,,,,,,,,0,,,,,,,,,,moto78,,,,77,,baseline,,,
,,,,,,,,0,0,139,,,,,,,0.727195102902722,,,,,,,,,,,,0,,,,,,,,,,motobesidescar,,,,138,,baseline,,,
,,,,,,,,0,0,117,,,,,,,0.7713575990916413,,,,,,,,,,,,0,,,,,,,,,,motocome,,,,116,,baseline,,,
,,,,,,,,0,0,91,,,,,,,0.8547807163996908,,,,,,,,,,,,0,,,,,,,,,,motocomenight,,,,90,,baseline,,,
,,,,,,,,0,0,89,,,,,,,0.8838905273593011,,,,,,,,,,,,0,,,,,,,,,,motowithgood,,,,88,,baseline,,,
,,,,,,,,0,0,110,,,,,,,0.8184952418798863,,,,,,,,,,,,0,,,,,,,,,,nightmototurn,,,,109,,baseline,,,
,,,,,,,,2,0,603,,,,,,,0.6855403165235807,,,,,,,,,,,,0,,,,,,,,,,openthisexersicebook,,,,602,,baseline,,,
,,,,,,,,397,13,2110,,,,,,,0.5611729180526404,,,,,,,,,,,,13,,,,,,,,,,outer2leftmirrorback,,,,2109,,baseline,,,
,,,,,,,,0,0,256,,,,,,,0.8959305855441501,,,,,,,,,,,,0,,,,,,,,,,redshirtman,,,,255,,baseline,,,
,,,,,,,,554,6,840,,,,,,,0.27516170913362203,,,,,,,,,,,,6,,,,,,,,,,rightbiggreenboy,,,,839,,baseline,,,
,,,,,,,,117,1,360,,,,,,,0.5269436154770742,,,,,,,,,,,,0,,,,,,,,,,rightboy`shead,,,,359,,baseline,,,
,,,,,,,,101,3,1096,,,,,,,0.7628334848905216,,,,,,,,,,,,2,,,,,,,,,,rightholdball1096,,,,1052,,baseline,,,
,,,,,,,,0,0,506,,,,,,,0.8871143184582034,,,,,,,,,,,,0,,,,,,,,,,rightredboy,,,,505,,baseline,,,
,,,,,,,,38,2,948,,,,,,,0.7617957336400633,,,,,,,,,,,,2,,,,,,,,,,rightshiningmirror,,,,947,,baseline,,,
,,,,,,,,154,1,1602,,,,,,,0.7775514770046991,,,,,,,,,,,,1,,,,,,,,,,righttallnine-gai,,,,1601,,baseline,,,
,,,,,,,,0,0,273,,,,,,,0.8389378705851547,,,,,,,,,,,,0,,,,,,,,,,rightwhite_1227,,,,272,,baseline,,,
,,,,,,,,5,1,412,,,,,,,0.8413032888699795,,,,,,,,,,,,1,,,,,,,,,,stripeman,,,,411,,baseline,,,
,,,,,,,,19,1,260,,,,,,,0.7004846375648066,,,,,,,,,,,,1,,,,,,,,,,stubesideswhitecar,,,,259,,baseline,,,
,,,,,,,,28,2,443,,,,,,,0.7210824911469511,,,,,,,,,,,,1,,,,,,,,,,suitcase,,,,442,,baseline,,,
,,,,,,,,0,0,117,,,,,,,0.8363580309761753,,,,,,,,,,,,0,,,,,,,,,,take-out-motocoming,,,,116,,baseline,,,
,,,,,,,,0,0,307,,,,,,,0.8424263542488526,,,,,,,,,,,,0,,,,,,,,,,tallboyblack,,,,306,,baseline,,,
,,,,,,,,1,0,150,,,,,,,0.8311820627832671,,,,,,,,,,,,0,,,,,,,,,,turnblkbike,,,,149,,baseline,,,
,,,,,,,,0,0,193,,,,,,,0.8352130423723535,,,,,,,,,,,,0,,,,,,,,,,unbrellainbike,,,,192,,baseline,,,
,,,,,,,,7,1,251,,,,,,,0.7320904238751286,,,,,,,,,,,,1,,,,,,,,,,waiterontheothersideofwindow,,,,250,,baseline,,,
,,,,,,,,170,1,1117,,,,,,,0.6958519685323401,,,,,,,,,,,,1,,,,,,,,,,whiteaftertrees,,,,1116,,baseline,,,
,,,,,,,,1,0,169,,,,,,,0.8217108404463891,,,,,,,,,,,,0,,,,,,,,,,whiteatright,,,,168,,baseline,,,
,,,,,,,,0,0,102,,,,,,,0.7898482653691828,,,,,,,,,,,,0,,,,,,,,,,whiteblcakwoman,,,,101,,baseline,,,
,,,,,,,,0,0,85,,,,,,,0.9154633034443235,,,,,,,,,,,,0,,,,,,,,,,whitecarafterbike,,,,84,,baseline,,,
,,,,,,,,0,0,113,,,,,,,0.915594837694539,,,,,,,,,,,,0,,,,,,,,,,whitecarcome,,,,112,,baseline,,,
,,,,,,,,0,0,150,,,,,,,0.9253347939048521,,,,,,,,,,,,0,,,,,,,,,,whitecarcoming,,,,149,,baseline,,,
,,,,,,,,0,0,348,,,,,,,0.8910893902382916,,,,,,,,,,,,0,,,,,,,,,,whitemancome,,,,347,,baseline,,,
,,,,,,,,0,0,111,,,,,,,0.8393328306801819,,,,,,,,,,,,0,,,,,,,,,,womanongrass,,,,110,,baseline,,,
,,,,,,,,0,0,143,,,,,,,0.7186439464810761,,,,,,,,,,,,0,,,,,,,,,,yellowexcesicebook,,,,142,,baseline,,,
,,,,,,,,0,0,333,,,,,,,0.7931903014780743,,,,,,,,,,,,0,,,,,,,,,,10rightblackboy,,,,332,,c1,,,
,,,,,,,,0,0,224,,,,,,,0.8600760023328342,,,,,,,,,,,,0,,,,,,,,,,1boygo,,,,223,,c1,,,
,,,,,,,,0,0,138,,,,,,,0.7036440453402357,,,,,,,,,,,,0,,,,,,,,,,2girlgoleft,,,,137,,c1,,,
,,,,,,,,0,0,122,,,,,,,0.8340247564828952,,,,,,,,,,,,0,,,,,,,,,,2outdark,,,,121,,c1,,,
,,,,,,,,0,0,135,,,,,,,0.8680172148835827,,,,,,,,,,,,0,,,,,,,,,,2rdtribike,,,,134,,c1,,,
,,,,,,,,268,4,449,,,,,,,0.23692596314761766,,,,,,,,,,,,3,,,,,,,,,,3whitemen,,,,448,,c1,,,
,,,,,,,,0,0,192,,,,,,,0.8313198371197112,,,,,,,,,,,,0,,,,,,,,,,4one,,,,191,,c1,,,
,,,,,,,,0,0,184,,,,,,,0.8385853546538425,,,,,,,,,,,,0,,,,,,,,,,4two,,,,183,,c1,,,
,,,,,,,,14,1,124,,,,,,,0.6916599414803972,,,,,,,,,,,,1,,,,,,,,,,9whitegirl,,,,123,,c1,,,
,,,,,,,,233,3,986,,,,,,,0.5725224852168562,,,,,,,,,,,,3,,,,,,,,,,Aboydownbike,,,,985,,c1,,,
,,,,,,,,463,43,8406,,,,,,,0.6971303692932491,,,,,,,,,,,,43,,,,,,,,,,ab_bolster,,,,8393,,c1,,,
,,,,,,,,5,1,172,,,,,,,0.8085636034244239,,,,,,,,,,,,1,,,,,,,,,,ab_motocometurn,,,,168,,c1,,,
,,,,,,,,3,1,65,,,,,,,0.7366534561973914,,,,,,,,,,,,1,,,,,,,,,,ab_mototurn,,,,64,,c1,,,
,,,,,,,,2653,48,6981,,,,,,,0.4400105086293857,,,,,,,,,,,,48,,,,,,,,,,ab_rightcupcoming_infwhite_quezhen,,,,6980,,c1,,,
,,,,,,,,0,0,227,,,,,,,0.8147495766241794,,,,,,,,,,,,0,,,,,,,,,,abeauty_1202,,,,226,,c1,,,
,,,,,,,,0,0,159,,,,,,,0.918821354944955,,,,,,,,,,,,0,,,,,,,,,,aboy_1202,,,,158,,c1,,,
,,,,,,,,0,0,273,,,,,,,0.9099240404249361,,,,,,,,,,,,0,,,,,,,,,,agirl_1202,,,,272,,c1,,,
,,,,,,,,0,0,883,,,,,,,0.8669657949462239,,,,,,,,,,,,0,,,,,,,,,,ajiandan_blkdog,,,,882,,c1,,,
,,,,,,,,53,2,175,,,,,,,0.5437448819324822,,,,,,,,,,,,1,,,,,,,,,,basketball,,,,174,,c1,,,
,,,,,,,,23,2,110,,,,,,,0.48934110160420835,,,,,,,,,,,,1,,,,,,,,,,basketballshooting,,,,109,,c1,,,
,,,,,,,,0,0,150,,,,,,,0.8500433985975272,,,,,,,,,,,,0,,,,,,,,,,bike150,,,,149,,c1,,,
,,,,,,,,9,1,314,,,,,,,0.6516755912348475,,,,,,,,,,,,1,,,,,,,,,,bikecoming,,,,313,,c1,,,
,,,,,,,,2,0,256,,,,,,,0.7245245824745925,,,,,,,,,,,,0,,,,,,,,,,blackboy256,,,,255,,c1,,,
,,,,,,,,3,0,316,,,,,,,0.7580513601890777,,,,,,,,,,,,0,,,,,,,,,,blackman_0115,,,,315,,c1,,,
,,,,,,,,0,0,112,,,,,,,0.8570360375886568,,,,,,,,,,,,0,,,,,,,,,,blkbikecomes,,,,111,,c1,,,
,,,,,,,,0,0,329,,,,,,,0.8836935746415805,,,,,,,,,,,,0,,,,,,,,,,blkboy,,,,328,,c1,,,
,,,,,,,,0,0,181,,,,,,,0.892418396251467,,,,,,,,,,,,0,,,,,,,,,,blkboywithbluebag,,,,180,,c1,,,
,,,,,,,,3,0,451,,,,,,,0.7811984311977587,,,,,,,,,,,,0,,,,,,,,,,blkboywithumbrella,,,,450,,c1,,,
,,,,,,,,0,0,392,,,,,,,0.8815931292254288,,,,,,,,,,,,0,,,,,,,,,,blkcarfollowingwhite,,,,391,,c1,,,
,,,,,,,,0,0,228,,,,,,,0.8523028141446048,,,,,,,,,,,,0,,,,,,,,,,blueboybike,,,,227,,c1,,,
,,,,,,,,0,0,459,,,,,,,0.90118191708849,,,,,,,,,,,,0,,,,,,,,,,bluelittletruck,,,,458,,c1,,,
,,,,,,,,60,3,247,,,,,,,0.5514867218725112,,,,,,,,,,,,3,,,,,,,,,,boybackpack,,,,246,,c1,,,
,,,,,,,,186,4,318,,,,,,,0.3101155465361079,,,,,,,,,,,,3,,,,,,,,,,boybesidescarwithouthat,,,,317,,c1,,,
,,,,,,,,48,1,282,,,,,,,0.5798100316409535,,,,,,,,,,,,0,,,,,,,,,,boyfollowing,,,,281,,c1,,,
,,,,,,,,0,0,757,,,,,,,0.8985838489051734,,,,,,,,,,,,0,,,,,,,,,,boyinsnowfield4,,,,756,,c1,,,
,,,,,,,,0,0,382,,,,,,,0.8501756148257572,,,,,,,,,,,,0,,,,,,,,,,boyleave,,,,381,,c1,,,
,,,,,,,,0,0,83,,,,,,,0.7371686816208017,,,,,,,,,,,,0,,,,,,,,,,boyouttrees,,,,82,,c1,,,
,,,,,,,,2,0,386,,,,,,,0.8182537991794323,,,,,,,,,,,,0,,,,,,,,,,boyrightrubbish,,,,385,,c1,,,
,,,,,,,,3,0,161,,,,,,,0.779893603002138,,,,,,,,,,,,0,,,,,,,,,,boysback,,,,159,,c1,,,
,,,,,,,,0,0,88,,,,,,,0.851372253059251,,,,,,,,,,,,0,,,,,,,,,,boysitbike,,,,87,,c1,,,
,,,,,,,,14,1,441,,,,,,,0.6619545594251783,,,,,,,,,,,,1,,,,,,,,,,boysumbrella,,,,440,,c1,,,
,,,,,,,,521,4,809,,,,,,,0.2577062482943936,,,,,,,,,,,,3,,,,,,,,,,boytakepath,,,,808,,c1,,,
,,,,,,,,0,0,392,,,,,,,0.8300640130157807,,,,,,,,,,,,0,,,,,,,,,,browncarturn,,,,391,,c1,,,
,,,,,,,,0,0,141,,,,,,,0.8963679419612027,,,,,,,,,,,,0,,,,,,,,,,carcomeonlight2,,,,140,,c1,,,
,,,,,,,,0,0,158,,,,,,,0.8069549458423841,,,,,,,,,,,,0,,,,,,,,,,comebike,,,,157,,c1,,,
,,,,,,,,407,10,930,,,,,,,0.44972726101863886,,,,,,,,,,,,10,,,,,,,,,,dotat43,,,,929,,c1,,,
,,,,,,,,0,0,53,,,,,,,0.8691859459054541,,,,,,,,,,,,0,,,,,,,,,,downmoto,,,,52,,c1,,,
,,,,,,,,0,0,195,,,,,,,0.8399379213944277,,,,,,,,,,,,0,,,,,,,,,,easy_4women,,,,193,,c1,,,
,,,,,,,,0,0,266,,,,,,,0.8579091003792199,,,,,,,,,,,,0,,,,,,,,,,elector_0115,,,,265,,c1,,,
,,,,,,,,140,7,1161,,,,,,,0.5756447757167313,,,,,,,,,,,,7,,,,,,,,,,exercisebook,,,,1160,,c1,,,
,,,,,,,,1,0,151,,,,,,,0.8283659413233674,,,,,,,,,,,,0,,,,,,,,,,folddenumbrellainhand,,,,150,,c1,,,
,,,,,,,,0,0,109,,,,,,,0.8323307466873144,,,,,,,,,,,,0,,,,,,,,,,girlbike,,,,108,,c1,,,
,,,,,,,,313,1,388,,,,,,,0.15711250388597076,,,,,,,,,,,,0,,,,,,,,,,girlblack,,,,387,,c1,,,
,,,,,,,,1,0,67,,,,,,,0.6662605242462556,,,,,,,,,,,,0,,,,,,,,,,girlintrees,,,,66,,c1,,,
,,,,,,,,5,1,307,,,,,,,0.761182552496252,,,,,,,,,,,,1,,,,,,,,,,girlwithredhat,,,,306,,c1,,,
,,,,,,,,0,0,244,,,,,,,0.8140227608165309,,,,,,,,,,,,0,,,,,,,,,,guardatbike_ab,,,,216,,c1,,,
,,,,,,,,44,1,116,,,,,,,0.5151987766942705,,,,,,,,,,,,0,,,,,,,,,,guardman,,,,115,,c1,,,
,,,,,,,,1068,7,1611,,,,,,,0.25925123244530723,,,,,,,,,,,,6,,,,,,,,,,leftbasketball,,,,1610,,c1,,,
,,,,,,,,0,0,405,,,,,,,0.8384123397586694,,,,,,,,,,,,0,,,,,,,,,,leftof2girls,,,,404,,c1,,,
,,,,,,,,44,1,286,,,,,,,0.6180453269120584,,,,,,,,,,,,0,,,,,,,,,,lonelyman,,,,285,,c1,,,
,,,,,,,,0,0,151,,,,,,,0.7402850068231571,,,,,,,,,,,,0,,,,,,,,,,man,,,,150,,c1,,,
,,,,,,,,32,3,505,,,,,,,0.6427755210637041,,,,,,,,,,,,3,,,,,,,,,,man2startmoto,,,,504,,c1,,,
,,,,,,,,21,1,100,,,,,,,0.5344976484999193,,,,,,,,,,,,1,,,,,,,,,,manafetrtrees,,,,99,,c1,,,
,,,,,,,,0,0,204,,,,,,,0.7694537547191134,,,,,,,,,,,,0,,,,,,,,,,meituanbike,,,,203,,c1,,,
,,,,,,,,1,0,309,,,,,,,0.7149331935232756,,,,,,,,,,,,0,,,,,,,,,,moto2north2,,,,308,,c1,,,
,,,,,,,,0,0,78,,,,,,,0.9107133650701199,,,,,,,,,,,,0,,,,,,,,,,moto78,,,,77,,c1,,,
,,,,,,,,0,0,139,,,,,,,0.727195102902722,,,,,,,,,,,,0,,,,,,,,,,motobesidescar,,,,138,,c1,,,
,,,,,,,,0,0,117,,,,,,,0.7713575990916413,,,,,,,,,,,,0,,,,,,,,,,motocome,,,,116,,c1,,,
,,,,,,,,0,0,91,,,,,,,0.8547807163996908,,,,,,,,,,,,0,,,,,,,,,,motocomenight,,,,90,,c1,,,
,,,,,,,,0,0,89,,,,,,,0.8838905273593011,,,,,,,,,,,,0,,,,,,,,,,motowithgood,,,,88,,c1,,,
,,,,,,,,0,0,110,,,,,,,0.8184952418798863,,,,,,,,,,,,0,,,,,,,,,,nightmototurn,,,,109,,c1,,,
,,,,,,,,2,0,603,,,,,,,0.6847177373492112,,,,,,,,,,,,0,,,,,,,,,,openthisexersicebook,,,,602,,c1,,,
,,,,,,,,382,11,2110,,,,,,,0.5688503194560715,,,,,,,,,,,,11,,,,,,,,,,outer2leftmirrorback,,,,2109,,c1,,,
,,,,,,,,0,0,256,,,,,,,0.8959305855441501,,,,,,,,,,,,0,,,,,,,,,,redshirtman,,,,255,,c1,,,
,,,,,,,,560,4,840,,,,,,,0.26528831819726906,,,,,,,,,,,,4,,,,,,,,,,rightbiggreenboy,,,,839,,c1,,,
,,,,,,,,32,1,360,,,,,,,0.6844477037153323,,,,,,,,,,,,0,,,,,,,,,,rightboy`shead,,,,359,,c1,,,
,,,,,,,,0,0,1096,,,,,,,0.8448266415234917,,,,,,,,,,,,0,,,,,,,,,,rightholdball1096,,,,1052,,c1,,,
,,,,,,,,0,0,506,,,,,,,0.8871143184582034,,,,,,,,,,,,0,,,,,,,,,,rightredboy,,,,505,,c1,,,
,,,,,,,,67,1,948,,,,,,,0.7399074789010622,,,,,,,,,,,,1,,,,,,,,,,rightshiningmirror,,,,947,,c1,,,
,,,,,,,,155,1,1602,,,,,,,0.7769705074524773,,,,,,,,,,,,1,,,,,,,,,,righttallnine-gai,,,,1601,,c1,,,
,,,,,,,,0,0,273,,,,,,,0.8389378705851547,,,,,,,,,,,,0,,,,,,,,,,rightwhite_1227,,,,272,,c1,,,
,,,,,,,,7,2,412,,,,,,,0.8379406136259182,,,,,,,,,,,,2,,,,,,,,,,stripeman,,,,411,,c1,,,
,,,,,,,,26,2,260,,,,,,,0.6786133980960065,,,,,,,,,,,,2,,,,,,,,,,stubesideswhitecar,,,,259,,c1,,,
,,,,,,,,98,1,443,,,,,,,0.6009872340139994,,,,,,,,,,,,1,,,,,,,,,,suitcase,,,,442,,c1,,,
,,,,,,,,0,0,117,,,,,,,0.8363580309761753,,,,,,,,,,,,0,,,,,,,,,,take-out-motocoming,,,,116,,c1,,,
,,,,,,,,0,0,307,,,,,,,0.8424263542488526,,,,,,,,,,,,0,,,,,,,,,,tallboyblack,,,,306,,c1,,,
,,,,,,,,1,0,150,,,,,,,0.8311820627832671,,,,,,,,,,,,0,,,,,,,,,,turnblkbike,,,,149,,c1,,,
,,,,,,,,0,0,193,,,,,,,0.8352130423723535,,,,,,,,,,,,0,,,,,,,,,,unbrellainbike,,,,192,,c1,,,
,,,,,,,,7,1,251,,,,,,,0.7320904238751286,,,,,,,,,,,,1,,,,,,,,,,waiterontheothersideofwindow,,,,250,,c1,,,
,,,,,,,,170,1,1117,,,,,,,0.6958519685323401,,,,,,,,,,,,1,,,,,,,,,,whiteaftertrees,,,,1116,,c1,,,
,,,,,,,,1,0,169,,,,,,,0.8217108404463891,,,,,,,,,,,,0,,,,,,,,,,whiteatright,,,,168,,c1,,,
,,,,,,,,0,0,102,,,,,,,0.7898482653691828,,,,,,,,,,,,0,,,,,,,,,,whiteblcakwoman,,,,101,,c1,,,
,,,,,,,,0,0,85,,,,,,,0.9154633034443235,,,,,,,,,,,,0,,,,,,,,,,whitecarafterbike,,,,84,,c1,,,
,,,,,,,,0,0,113,,,,,,,0.915594837694539,,,,,,,,,,,,0,,,,,,,,,,whitecarcome,,,,112,,c1,,,
,,,,,,,,0,0,150,,,,,,,0.9253347939048521,,,,,,,,,,,,0,,,,,,,,,,whitecarcoming,,,,149,,c1,,,
,,,,,,,,0,0,348,,,,,,,0.8910893902382916,,,,,,,,,,,,0,,,,,,,,,,whitemancome,,,,347,,c1,,,
,,,,,,,,0,0,111,,,,,,,0.8393328306801819,,,,,,,,,,,,0,,,,,,,,,,womanongrass,,,,110,,c1,,,
,,,,,,,,0,0,143,,,,,,,0.7186439464810761,,,,,,,,,,,,0,,,,,,,,,,yellowexcesicebook,,,,142,,c1,,,
,,,,,,,,0,0,333,,,,,,,0.7931903014780743,,,,,,,,,,,,0,,,,,,,,,,10rightblackboy,,,,332,,old4,,,
,,,,,,,,0,0,224,,,,,,,0.8600760023328342,,,,,,,,,,,,0,,,,,,,,,,1boygo,,,,223,,old4,,,
,,,,,,,,0,0,138,,,,,,,0.7036440453402357,,,,,,,,,,,,0,,,,,,,,,,2girlgoleft,,,,137,,old4,,,
,,,,,,,,0,0,122,,,,,,,0.8340247564828952,,,,,,,,,,,,0,,,,,,,,,,2outdark,,,,121,,old4,,,
,,,,,,,,0,0,135,,,,,,,0.8680172148835827,,,,,,,,,,,,0,,,,,,,,,,2rdtribike,,,,134,,old4,,,
,,,,,,,,265,3,449,,,,,,,0.24060280865590253,,,,,,,,,,,,2,,,,,,,,,,3whitemen,,,,448,,old4,,,
,,,,,,,,0,0,192,,,,,,,0.8313198371197112,,,,,,,,,,,,0,,,,,,,,,,4one,,,,191,,old4,,,
,,,,,,,,0,0,184,,,,,,,0.8385853546538425,,,,,,,,,,,,0,,,,,,,,,,4two,,,,183,,old4,,,
,,,,,,,,7,1,124,,,,,,,0.7288050113317163,,,,,,,,,,,,1,,,,,,,,,,9whitegirl,,,,123,,old4,,,
,,,,,,,,215,5,986,,,,,,,0.5833552189739258,,,,,,,,,,,,5,,,,,,,,,,Aboydownbike,,,,985,,old4,,,
,,,,,,,,480,45,8406,,,,,,,0.6972193434450752,,,,,,,,,,,,45,,,,,,,,,,ab_bolster,,,,8393,,old4,,,
,,,,,,,,4,1,172,,,,,,,0.8123138668292038,,,,,,,,,,,,1,,,,,,,,,,ab_motocometurn,,,,168,,old4,,,
,,,,,,,,3,1,65,,,,,,,0.7366534561973914,,,,,,,,,,,,1,,,,,,,,,,ab_mototurn,,,,64,,old4,,,
,,,,,,,,2649,49,6981,,,,,,,0.44036802932722097,,,,,,,,,,,,49,,,,,,,,,,ab_rightcupcoming_infwhite_quezhen,,,,6980,,old4,,,
,,,,,,,,0,0,227,,,,,,,0.8162937455952718,,,,,,,,,,,,0,,,,,,,,,,abeauty_1202,,,,226,,old4,,,
,,,,,,,,0,0,159,,,,,,,0.918821354944955,,,,,,,,,,,,0,,,,,,,,,,aboy_1202,,,,158,,old4,,,
,,,,,,,,0,0,273,,,,,,,0.9099240404249361,,,,,,,,,,,,0,,,,,,,,,,agirl_1202,,,,272,,old4,,,
,,,,,,,,0,0,883,,,,,,,0.8669657949462239,,,,,,,,,,,,0,,,,,,,,,,ajiandan_blkdog,,,,882,,old4,,,
,,,,,,,,45,2,175,,,,,,,0.5636656760250712,,,,,,,,,,,,1,,,,,,,,,,basketball,,,,174,,old4,,,
,,,,,,,,22,1,110,,,,,,,0.4897670362794431,,,,,,,,,,,,0,,,,,,,,,,basketballshooting,,,,109,,old4,,,
,,,,,,,,0,0,150,,,,,,,0.8500433985975272,,,,,,,,,,,,0,,,,,,,,,,bike150,,,,149,,old4,,,
,,,,,,,,9,1,314,,,,,,,0.6516755912348475,,,,,,,,,,,,1,,,,,,,,,,bikecoming,,,,313,,old4,,,
,,,,,,,,2,0,256,,,,,,,0.7245245824745925,,,,,,,,,,,,0,,,,,,,,,,blackboy256,,,,255,,old4,,,
,,,,,,,,3,0,316,,,,,,,0.7580513601890777,,,,,,,,,,,,0,,,,,,,,,,blackman_0115,,,,315,,old4,,,
,,,,,,,,0,0,112,,,,,,,0.8582501465397657,,,,,,,,,,,,0,,,,,,,,,,blkbikecomes,,,,111,,old4,,,
,,,,,,,,0,0,329,,,,,,,0.8836935746415805,,,,,,,,,,,,0,,,,,,,,,,blkboy,,,,328,,old4,,,
,,,,,,,,0,0,181,,,,,,,0.892418396251467,,,,,,,,,,,,0,,,,,,,,,,blkboywithbluebag,,,,180,,old4,,,
,,,,,,,,1,0,451,,,,,,,0.7944289674730299,,,,,,,,,,,,0,,,,,,,,,,blkboywithumbrella,,,,450,,old4,,,
,,,,,,,,0,0,392,,,,,,,0.8815931292254288,,,,,,,,,,,,0,,,,,,,,,,blkcarfollowingwhite,,,,391,,old4,,,
,,,,,,,,0,0,228,,,,,,,0.8523028141446048,,,,,,,,,,,,0,,,,,,,,,,blueboybike,,,,227,,old4,,,
,,,,,,,,0,0,459,,,,,,,0.90118191708849,,,,,,,,,,,,0,,,,,,,,,,bluelittletruck,,,,458,,old4,,,
,,,,,,,,58,3,247,,,,,,,0.557750960470875,,,,,,,,,,,,3,,,,,,,,,,boybackpack,,,,246,,old4,,,
,,,,,,,,186,4,318,,,,,,,0.3101155465361079,,,,,,,,,,,,3,,,,,,,,,,boybesidescarwithouthat,,,,317,,old4,,,
,,,,,,,,48,1,282,,,,,,,0.5798100316409535,,,,,,,,,,,,0,,,,,,,,,,boyfollowing,,,,281,,old4,,,
,,,,,,,,0,0,757,,,,,,,0.8985838489051734,,,,,,,,,,,,0,,,,,,,,,,boyinsnowfield4,,,,756,,old4,,,
,,,,,,,,0,0,382,,,,,,,0.8501756148257572,,,,,,,,,,,,0,,,,,,,,,,boyleave,,,,381,,old4,,,
,,,,,,,,0,0,83,,,,,,,0.7371686816208017,,,,,,,,,,,,0,,,,,,,,,,boyouttrees,,,,82,,old4,,,
,,,,,,,,2,0,386,,,,,,,0.8173560214281035,,,,,,,,,,,,0,,,,,,,,,,boyrightrubbish,,,,385,,old4,,,
,,,,,,,,3,0,161,,,,,,,0.779893603002138,,,,,,,,,,,,0,,,,,,,,,,boysback,,,,159,,old4,,,
,,,,,,,,0,0,88,,,,,,,0.851372253059251,,,,,,,,,,,,0,,,,,,,,,,boysitbike,,,,87,,old4,,,
,,,,,,,,14,1,441,,,,,,,0.6619545594251783,,,,,,,,,,,,1,,,,,,,,,,boysumbrella,,,,440,,old4,,,
,,,,,,,,521,6,809,,,,,,,0.25722633433006353,,,,,,,,,,,,5,,,,,,,,,,boytakepath,,,,808,,old4,,,
,,,,,,,,0,0,392,,,,,,,0.8300640130157807,,,,,,,,,,,,0,,,,,,,,,,browncarturn,,,,391,,old4,,,
,,,,,,,,0,0,141,,,,,,,0.8963679419612027,,,,,,,,,,,,0,,,,,,,,,,carcomeonlight2,,,,140,,old4,,,
,,,,,,,,0,0,158,,,,,,,0.8069549458423841,,,,,,,,,,,,0,,,,,,,,,,comebike,,,,157,,old4,,,
,,,,,,,,332,10,930,,,,,,,0.5149812187650374,,,,,,,,,,,,10,,,,,,,,,,dotat43,,,,929,,old4,,,
,,,,,,,,0,0,53,,,,,,,0.8660222153748438,,,,,,,,,,,,0,,,,,,,,,,downmoto,,,,52,,old4,,,
,,,,,,,,0,0,195,,,,,,,0.8399379213944277,,,,,,,,,,,,0,,,,,,,,,,easy_4women,,,,193,,old4,,,
,,,,,,,,0,0,266,,,,,,,0.8579091003792199,,,,,,,,,,,,0,,,,,,,,,,elector_0115,,,,265,,old4,,,
,,,,,,,,139,7,1161,,,,,,,0.5756901533847345,,,,,,,,,,,,7,,,,,,,,,,exercisebook,,,,1160,,old4,,,
,,,,,,,,0,0,151,,,,,,,0.8322958453493648,,,,,,,,,,,,0,,,,,,,,,,folddenumbrellainhand,,,,150,,old4,,,
,,,,,,,,0,0,109,,,,,,,0.8323307466873144,,,,,,,,,,,,0,,,,,,,,,,girlbike,,,,108,,old4,,,
,,,,,,,,313,1,388,,,,,,,0.15771844813669586,,,,,,,,,,,,0,,,,,,,,,,girlblack,,,,387,,old4,,,
,,,,,,,,1,0,67,,,,,,,0.6662605242462556,,,,,,,,,,,,0,,,,,,,,,,girlintrees,,,,66,,old4,,,
,,,,,,,,5,1,307,,,,,,,0.761182552496252,,,,,,,,,,,,1,,,,,,,,,,girlwithredhat,,,,306,,old4,,,
,,,,,,,,0,0,244,,,,,,,0.8140227608165309,,,,,,,,,,,,0,,,,,,,,,,guardatbike_ab,,,,216,,old4,,,
,,,,,,,,44,1,116,,,,,,,0.515432147385608,,,,,,,,,,,,0,,,,,,,,,,guardman,,,,115,,old4,,,
,,,,,,,,199,14,1611,,,,,,,0.665976440633305,,,,,,,,,,,,14,,,,,,,,,,leftbasketball,,,,1610,,old4,,,
,,,,,,,,0,0,405,,,,,,,0.8384123397586694,,,,,,,,,,,,0,,,,,,,,,,leftof2girls,,,,404,,old4,,,
,,,,,,,,45,1,286,,,,,,,0.6148456079862351,,,,,,,,,,,,0,,,,,,,,,,lonelyman,,,,285,,old4,,,
,,,,,,,,0,0,151,,,,,,,0.7402850068231571,,,,,,,,,,,,0,,,,,,,,,,man,,,,150,,old4,,,
,,,,,,,,32,3,505,,,,,,,0.6427755210637041,,,,,,,,,,,,3,,,,,,,,,,man2startmoto,,,,504,,old4,,,
,,,,,,,,21,1,100,,,,,,,0.5344976484999193,,,,,,,,,,,,1,,,,,,,,,,manafetrtrees,,,,99,,old4,,,
,,,,,,,,0,0,204,,,,,,,0.7694537547191134,,,,,,,,,,,,0,,,,,,,,,,meituanbike,,,,203,,old4,,,
,,,,,,,,1,0,309,,,,,,,0.7149331935232756,,,,,,,,,,,,0,,,,,,,,,,moto2north2,,,,308,,old4,,,
,,,,,,,,0,0,78,,,,,,,0.9107133650701199,,,,,,,,,,,,0,,,,,,,,,,moto78,,,,77,,old4,,,
,,,,,,,,0,0,139,,,,,,,0.727195102902722,,,,,,,,,,,,0,,,,,,,,,,motobesidescar,,,,138,,old4,,,
,,,,,,,,0,0,117,,,,,,,0.7713575990916413,,,,,,,,,,,,0,,,,,,,,,,motocome,,,,116,,old4,,,
,,,,,,,,0,0,91,,,,,,,0.8547807163996908,,,,,,,,,,,,0,,,,,,,,,,motocomenight,,,,90,,old4,,,
,,,,,,,,0,0,89,,,,,,,0.8838905273593011,,,,,,,,,,,,0,,,,,,,,,,motowithgood,,,,88,,old4,,,
,,,,,,,,0,0,110,,,,,,,0.8184952418798863,,,,,,,,,,,,0,,,,,,,,,,nightmototurn,,,,109,,old4,,,
,,,,,,,,2,0,603,,,,,,,0.6847177373492112,,,,,,,,,,,,0,,,,,,,,,,openthisexersicebook,,,,602,,old4,,,
,,,,,,,,382,11,2110,,,,,,,0.5688503194560715,,,,,,,,,,,,11,,,,,,,,,,outer2leftmirrorback,,,,2109,,old4,,,
,,,,,,,,0,0,256,,,,,,,0.8956941001421843,,,,,,,,,,,,0,,,,,,,,,,redshirtman,,,,255,,old4,,,
,,,,,,,,560,4,840,,,,,,,0.26528831819726906,,,,,,,,,,,,4,,,,,,,,,,rightbiggreenboy,,,,839,,old4,,,
,,,,,,,,72,1,360,,,,,,,0.6152633426994935,,,,,,,,,,,,0,,,,,,,,,,rightboy`shead,,,,359,,old4,,,
,,,,,,,,10,1,1096,,,,,,,0.8375316820974414,,,,,,,,,,,,0,,,,,,,,,,rightholdball1096,,,,1052,,old4,,,
,,,,,,,,0,0,506,,,,,,,0.8871143184582034,,,,,,,,,,,,0,,,,,,,,,,rightredboy,,,,505,,old4,,,
,,,,,,,,67,1,948,,,,,,,0.7399074789010622,,,,,,,,,,,,1,,,,,,,,,,rightshiningmirror,,,,947,,old4,,,
,,,,,,,,155,1,1602,,,,,,,0.7769244215826494,,,,,,,,,,,,1,,,,,,,,,,righttallnine-gai,,,,1601,,old4,,,
,,,,,,,,0,0,273,,,,,,,0.8389378705851547,,,,,,,,,,,,0,,,,,,,,,,rightwhite_1227,,,,272,,old4,,,
,,,,,,,,7,2,412,,,,,,,0.8379406136259182,,,,,,,,,,,,2,,,,,,,,,,stripeman,,,,411,,old4,,,
,,,,,,,,24,2,260,,,,,,,0.6840266205597645,,,,,,,,,,,,2,,,,,,,,,,stubesideswhitecar,,,,259,,old4,,,
,,,,,,,,16,2,443,,,,,,,0.7362465832947238,,,,,,,,,,,,2,,,,,,,,,,suitcase,,,,442,,old4,,,
,,,,,,,,0,0,117,,,,,,,0.8363580309761753,,,,,,,,,,,,0,,,,,,,,,,take-out-motocoming,,,,116,,old4,,,
,,,,,,,,0,0,307,,,,,,,0.8424263542488526,,,,,,,,,,,,0,,,,,,,,,,tallboyblack,,,,306,,old4,,,
,,,,,,,,1,0,150,,,,,,,0.8311820627832671,,,,,,,,,,,,0,,,,,,,,,,turnblkbike,,,,149,,old4,,,
,,,,,,,,0,0,193,,,,,,,0.8352130423723535,,,,,,,,,,,,0,,,,,,,,,,unbrellainbike,,,,192,,old4,,,
,,,,,,,,7,1,251,,,,,,,0.7320904238751286,,,,,,,,,,,,1,,,,,,,,,,waiterontheothersideofwindow,,,,250,,old4,,,
,,,,,,,,169,1,1117,,,,,,,0.6964328686712153,,,,,,,,,,,,1,,,,,,,,,,whiteaftertrees,,,,1116,,old4,,,
,,,,,,,,1,0,169,,,,,,,0.8224864341059591,,,,,,,,,,,,0,,,,,,,,,,whiteatright,,,,168,,old4,,,
,,,,,,,,0,0,102,,,,,,,0.7907284432804607,,,,,,,,,,,,0,,,,,,,,,,whiteblcakwoman,,,,101,,old4,,,
,,,,,,,,0,0,85,,,,,,,0.9154633034443235,,,,,,,,,,,,0,,,,,,,,,,whitecarafterbike,,,,84,,old4,,,
,,,,,,,,0,0,113,,,,,,,0.915594837694539,,,,,,,,,,,,0,,,,,,,,,,whitecarcome,,,,112,,old4,,,
,,,,,,,,0,0,150,,,,,,,0.9253347939048521,,,,,,,,,,,,0,,,,,,,,,,whitecarcoming,,,,149,,old4,,,
,,,,,,,,0,0,348,,,,,,,0.8911004814644479,,,,,,,,,,,,0,,,,,,,,,,whitemancome,,,,347,,old4,,,
,,,,,,,,0,0,111,,,,,,,0.8393328306801819,,,,,,,,,,,,0,,,,,,,,,,womanongrass,,,,110,,old4,,,
,,,,,,,,0,0,143,,,,,,,0.7186439464810761,,,,,,,,,,,,0,,,,,,,,,,yellowexcesicebook,,,,142,,old4,,,
,,,,,,,,0,0,333,,,,,,,0.7931903014780743,,,,,,,,,,,,0,,,,,,,,,,10rightblackboy,,,,332,,gross_parent,,,
,,,,,,,,0,0,224,,,,,,,0.8600760023328342,,,,,,,,,,,,0,,,,,,,,,,1boygo,,,,223,,gross_parent,,,
,,,,,,,,0,0,138,,,,,,,0.7036440453402357,,,,,,,,,,,,0,,,,,,,,,,2girlgoleft,,,,137,,gross_parent,,,
,,,,,,,,0,0,122,,,,,,,0.8340247564828952,,,,,,,,,,,,0,,,,,,,,,,2outdark,,,,121,,gross_parent,,,
,,,,,,,,0,0,135,,,,,,,0.8680172148835827,,,,,,,,,,,,0,,,,,,,,,,2rdtribike,,,,134,,gross_parent,,,
,,,,,,,,265,3,449,,,,,,,0.24060280865590253,,,,,,,,,,,,2,,,,,,,,,,3whitemen,,,,448,,gross_parent,,,
,,,,,,,,0,0,192,,,,,,,0.8313198371197112,,,,,,,,,,,,0,,,,,,,,,,4one,,,,191,,gross_parent,,,
,,,,,,,,0,0,184,,,,,,,0.8385853546538425,,,,,,,,,,,,0,,,,,,,,,,4two,,,,183,,gross_parent,,,
,,,,,,,,7,1,124,,,,,,,0.7288050113317163,,,,,,,,,,,,1,,,,,,,,,,9whitegirl,,,,123,,gross_parent,,,
,,,,,,,,215,5,986,,,,,,,0.5833552189739258,,,,,,,,,,,,5,,,,,,,,,,Aboydownbike,,,,985,,gross_parent,,,
,,,,,,,,480,45,8406,,,,,,,0.6972193434450752,,,,,,,,,,,,45,,,,,,,,,,ab_bolster,,,,8393,,gross_parent,,,
,,,,,,,,4,1,172,,,,,,,0.8123138668292038,,,,,,,,,,,,1,,,,,,,,,,ab_motocometurn,,,,168,,gross_parent,,,
,,,,,,,,3,1,65,,,,,,,0.7366534561973914,,,,,,,,,,,,1,,,,,,,,,,ab_mototurn,,,,64,,gross_parent,,,
,,,,,,,,2649,49,6981,,,,,,,0.44036802932722097,,,,,,,,,,,,49,,,,,,,,,,ab_rightcupcoming_infwhite_quezhen,,,,6980,,gross_parent,,,
,,,,,,,,0,0,227,,,,,,,0.8162937455952718,,,,,,,,,,,,0,,,,,,,,,,abeauty_1202,,,,226,,gross_parent,,,
,,,,,,,,0,0,159,,,,,,,0.918821354944955,,,,,,,,,,,,0,,,,,,,,,,aboy_1202,,,,158,,gross_parent,,,
,,,,,,,,0,0,273,,,,,,,0.9099240404249361,,,,,,,,,,,,0,,,,,,,,,,agirl_1202,,,,272,,gross_parent,,,
,,,,,,,,0,0,883,,,,,,,0.8669657949462239,,,,,,,,,,,,0,,,,,,,,,,ajiandan_blkdog,,,,882,,gross_parent,,,
,,,,,,,,38,2,175,,,,,,,0.5924442589385177,,,,,,,,,,,,1,,,,,,,,,,basketball,,,,174,,gross_parent,,,
,,,,,,,,22,1,110,,,,,,,0.4897670362794431,,,,,,,,,,,,0,,,,,,,,,,basketballshooting,,,,109,,gross_parent,,,
,,,,,,,,0,0,150,,,,,,,0.8500433985975272,,,,,,,,,,,,0,,,,,,,,,,bike150,,,,149,,gross_parent,,,
,,,,,,,,9,1,314,,,,,,,0.6516755912348475,,,,,,,,,,,,1,,,,,,,,,,bikecoming,,,,313,,gross_parent,,,
,,,,,,,,2,0,256,,,,,,,0.7245245824745925,,,,,,,,,,,,0,,,,,,,,,,blackboy256,,,,255,,gross_parent,,,
,,,,,,,,3,0,316,,,,,,,0.7580513601890777,,,,,,,,,,,,0,,,,,,,,,,blackman_0115,,,,315,,gross_parent,,,
,,,,,,,,0,0,112,,,,,,,0.8582501465397657,,,,,,,,,,,,0,,,,,,,,,,blkbikecomes,,,,111,,gross_parent,,,
,,,,,,,,0,0,329,,,,,,,0.8836935746415805,,,,,,,,,,,,0,,,,,,,,,,blkboy,,,,328,,gross_parent,,,
,,,,,,,,0,0,181,,,,,,,0.892418396251467,,,,,,,,,,,,0,,,,,,,,,,blkboywithbluebag,,,,180,,gross_parent,,,
,,,,,,,,1,0,451,,,,,,,0.7944289674730299,,,,,,,,,,,,0,,,,,,,,,,blkboywithumbrella,,,,450,,gross_parent,,,
,,,,,,,,0,0,392,,,,,,,0.8815931292254288,,,,,,,,,,,,0,,,,,,,,,,blkcarfollowingwhite,,,,391,,gross_parent,,,
,,,,,,,,0,0,228,,,,,,,0.8523028141446048,,,,,,,,,,,,0,,,,,,,,,,blueboybike,,,,227,,gross_parent,,,
,,,,,,,,0,0,459,,,,,,,0.90118191708849,,,,,,,,,,,,0,,,,,,,,,,bluelittletruck,,,,458,,gross_parent,,,
,,,,,,,,58,3,247,,,,,,,0.557750960470875,,,,,,,,,,,,3,,,,,,,,,,boybackpack,,,,246,,gross_parent,,,
,,,,,,,,186,4,318,,,,,,,0.3101155465361079,,,,,,,,,,,,3,,,,,,,,,,boybesidescarwithouthat,,,,317,,gross_parent,,,
,,,,,,,,48,1,282,,,,,,,0.5798100316409535,,,,,,,,,,,,0,,,,,,,,,,boyfollowing,,,,281,,gross_parent,,,
,,,,,,,,0,0,757,,,,,,,0.8985838489051734,,,,,,,,,,,,0,,,,,,,,,,boyinsnowfield4,,,,756,,gross_parent,,,
,,,,,,,,0,0,382,,,,,,,0.8501756148257572,,,,,,,,,,,,0,,,,,,,,,,boyleave,,,,381,,gross_parent,,,
,,,,,,,,0,0,83,,,,,,,0.7371686816208017,,,,,,,,,,,,0,,,,,,,,,,boyouttrees,,,,82,,gross_parent,,,
,,,,,,,,2,0,386,,,,,,,0.8173560214281035,,,,,,,,,,,,0,,,,,,,,,,boyrightrubbish,,,,385,,gross_parent,,,
,,,,,,,,3,0,161,,,,,,,0.779893603002138,,,,,,,,,,,,0,,,,,,,,,,boysback,,,,159,,gross_parent,,,
,,,,,,,,0,0,88,,,,,,,0.851372253059251,,,,,,,,,,,,0,,,,,,,,,,boysitbike,,,,87,,gross_parent,,,
,,,,,,,,14,1,441,,,,,,,0.6619545594251783,,,,,,,,,,,,1,,,,,,,,,,boysumbrella,,,,440,,gross_parent,,,
,,,,,,,,531,4,809,,,,,,,0.25001506460486694,,,,,,,,,,,,3,,,,,,,,,,boytakepath,,,,808,,gross_parent,,,
,,,,,,,,0,0,392,,,,,,,0.8300640130157807,,,,,,,,,,,,0,,,,,,,,,,browncarturn,,,,391,,gross_parent,,,
,,,,,,,,0,0,141,,,,,,,0.8963679419612027,,,,,,,,,,,,0,,,,,,,,,,carcomeonlight2,,,,140,,gross_parent,,,
,,,,,,,,0,0,158,,,,,,,0.8069549458423841,,,,,,,,,,,,0,,,,,,,,,,comebike,,,,157,,gross_parent,,,
,,,,,,,,332,10,930,,,,,,,0.5149812187650374,,,,,,,,,,,,10,,,,,,,,,,dotat43,,,,929,,gross_parent,,,
,,,,,,,,0,0,53,,,,,,,0.8660222153748438,,,,,,,,,,,,0,,,,,,,,,,downmoto,,,,52,,gross_parent,,,
,,,,,,,,0,0,195,,,,,,,0.8399379213944277,,,,,,,,,,,,0,,,,,,,,,,easy_4women,,,,193,,gross_parent,,,
,,,,,,,,0,0,266,,,,,,,0.8579091003792199,,,,,,,,,,,,0,,,,,,,,,,elector_0115,,,,265,,gross_parent,,,
,,,,,,,,139,7,1161,,,,,,,0.5756901533847345,,,,,,,,,,,,7,,,,,,,,,,exercisebook,,,,1160,,gross_parent,,,
,,,,,,,,0,0,151,,,,,,,0.8322958453493648,,,,,,,,,,,,0,,,,,,,,,,folddenumbrellainhand,,,,150,,gross_parent,,,
,,,,,,,,0,0,109,,,,,,,0.8323307466873144,,,,,,,,,,,,0,,,,,,,,,,girlbike,,,,108,,gross_parent,,,
,,,,,,,,313,1,388,,,,,,,0.15771844813669586,,,,,,,,,,,,0,,,,,,,,,,girlblack,,,,387,,gross_parent,,,
,,,,,,,,1,0,67,,,,,,,0.6662605242462556,,,,,,,,,,,,0,,,,,,,,,,girlintrees,,,,66,,gross_parent,,,
,,,,,,,,5,1,307,,,,,,,0.761182552496252,,,,,,,,,,,,1,,,,,,,,,,girlwithredhat,,,,306,,gross_parent,,,
,,,,,,,,0,0,244,,,,,,,0.8140227608165309,,,,,,,,,,,,0,,,,,,,,,,guardatbike_ab,,,,216,,gross_parent,,,
,,,,,,,,44,1,116,,,,,,,0.515432147385608,,,,,,,,,,,,0,,,,,,,,,,guardman,,,,115,,gross_parent,,,
,,,,,,,,199,14,1611,,,,,,,0.665976440633305,,,,,,,,,,,,14,,,,,,,,,,leftbasketball,,,,1610,,gross_parent,,,
,,,,,,,,0,0,405,,,,,,,0.8384123397586694,,,,,,,,,,,,0,,,,,,,,,,leftof2girls,,,,404,,gross_parent,,,
,,,,,,,,45,1,286,,,,,,,0.6148456079862351,,,,,,,,,,,,0,,,,,,,,,,lonelyman,,,,285,,gross_parent,,,
,,,,,,,,0,0,151,,,,,,,0.7402850068231571,,,,,,,,,,,,0,,,,,,,,,,man,,,,150,,gross_parent,,,
,,,,,,,,32,3,505,,,,,,,0.6427755210637041,,,,,,,,,,,,3,,,,,,,,,,man2startmoto,,,,504,,gross_parent,,,
,,,,,,,,21,1,100,,,,,,,0.5344976484999193,,,,,,,,,,,,1,,,,,,,,,,manafetrtrees,,,,99,,gross_parent,,,
,,,,,,,,0,0,204,,,,,,,0.7694537547191134,,,,,,,,,,,,0,,,,,,,,,,meituanbike,,,,203,,gross_parent,,,
,,,,,,,,1,0,309,,,,,,,0.7149331935232756,,,,,,,,,,,,0,,,,,,,,,,moto2north2,,,,308,,gross_parent,,,
,,,,,,,,0,0,78,,,,,,,0.9107133650701199,,,,,,,,,,,,0,,,,,,,,,,moto78,,,,77,,gross_parent,,,
,,,,,,,,0,0,139,,,,,,,0.727195102902722,,,,,,,,,,,,0,,,,,,,,,,motobesidescar,,,,138,,gross_parent,,,
,,,,,,,,0,0,117,,,,,,,0.7713575990916413,,,,,,,,,,,,0,,,,,,,,,,motocome,,,,116,,gross_parent,,,
,,,,,,,,0,0,91,,,,,,,0.8547807163996908,,,,,,,,,,,,0,,,,,,,,,,motocomenight,,,,90,,gross_parent,,,
,,,,,,,,0,0,89,,,,,,,0.8838905273593011,,,,,,,,,,,,0,,,,,,,,,,motowithgood,,,,88,,gross_parent,,,
,,,,,,,,0,0,110,,,,,,,0.8184952418798863,,,,,,,,,,,,0,,,,,,,,,,nightmototurn,,,,109,,gross_parent,,,
,,,,,,,,2,0,603,,,,,,,0.6847177373492112,,,,,,,,,,,,0,,,,,,,,,,openthisexersicebook,,,,602,,gross_parent,,,
,,,,,,,,382,11,2110,,,,,,,0.5688503194560715,,,,,,,,,,,,11,,,,,,,,,,outer2leftmirrorback,,,,2109,,gross_parent,,,
,,,,,,,,0,0,256,,,,,,,0.8956941001421843,,,,,,,,,,,,0,,,,,,,,,,redshirtman,,,,255,,gross_parent,,,
,,,,,,,,560,4,840,,,,,,,0.26528831819726906,,,,,,,,,,,,4,,,,,,,,,,rightbiggreenboy,,,,839,,gross_parent,,,
,,,,,,,,72,1,360,,,,,,,0.6152633426994935,,,,,,,,,,,,0,,,,,,,,,,rightboy`shead,,,,359,,gross_parent,,,
,,,,,,,,10,1,1096,,,,,,,0.8375316820974414,,,,,,,,,,,,0,,,,,,,,,,rightholdball1096,,,,1052,,gross_parent,,,
,,,,,,,,0,0,506,,,,,,,0.8871143184582034,,,,,,,,,,,,0,,,,,,,,,,rightredboy,,,,505,,gross_parent,,,
,,,,,,,,67,1,948,,,,,,,0.7399074789010622,,,,,,,,,,,,1,,,,,,,,,,rightshiningmirror,,,,947,,gross_parent,,,
,,,,,,,,155,1,1602,,,,,,,0.7769244215826494,,,,,,,,,,,,1,,,,,,,,,,righttallnine-gai,,,,1601,,gross_parent,,,
,,,,,,,,0,0,273,,,,,,,0.8389378705851547,,,,,,,,,,,,0,,,,,,,,,,rightwhite_1227,,,,272,,gross_parent,,,
,,,,,,,,7,2,412,,,,,,,0.8379406136259182,,,,,,,,,,,,2,,,,,,,,,,stripeman,,,,411,,gross_parent,,,
,,,,,,,,24,2,260,,,,,,,0.6840266205597645,,,,,,,,,,,,2,,,,,,,,,,stubesideswhitecar,,,,259,,gross_parent,,,
,,,,,,,,16,2,443,,,,,,,0.7362465832947238,,,,,,,,,,,,2,,,,,,,,,,suitcase,,,,442,,gross_parent,,,
,,,,,,,,0,0,117,,,,,,,0.8363580309761753,,,,,,,,,,,,0,,,,,,,,,,take-out-motocoming,,,,116,,gross_parent,,,
,,,,,,,,0,0,307,,,,,,,0.8424263542488526,,,,,,,,,,,,0,,,,,,,,,,tallboyblack,,,,306,,gross_parent,,,
,,,,,,,,1,0,150,,,,,,,0.8311820627832671,,,,,,,,,,,,0,,,,,,,,,,turnblkbike,,,,149,,gross_parent,,,
,,,,,,,,0,0,193,,,,,,,0.8352130423723535,,,,,,,,,,,,0,,,,,,,,,,unbrellainbike,,,,192,,gross_parent,,,
,,,,,,,,7,1,251,,,,,,,0.7320904238751286,,,,,,,,,,,,1,,,,,,,,,,waiterontheothersideofwindow,,,,250,,gross_parent,,,
,,,,,,,,169,1,1117,,,,,,,0.6964328686712153,,,,,,,,,,,,1,,,,,,,,,,whiteaftertrees,,,,1116,,gross_parent,,,
,,,,,,,,1,0,169,,,,,,,0.8224864341059591,,,,,,,,,,,,0,,,,,,,,,,whiteatright,,,,168,,gross_parent,,,
,,,,,,,,0,0,102,,,,,,,0.7907284432804607,,,,,,,,,,,,0,,,,,,,,,,whiteblcakwoman,,,,101,,gross_parent,,,
,,,,,,,,0,0,85,,,,,,,0.9154633034443235,,,,,,,,,,,,0,,,,,,,,,,whitecarafterbike,,,,84,,gross_parent,,,
,,,,,,,,0,0,113,,,,,,,0.915594837694539,,,,,,,,,,,,0,,,,,,,,,,whitecarcome,,,,112,,gross_parent,,,
,,,,,,,,0,0,150,,,,,,,0.9253347939048521,,,,,,,,,,,,0,,,,,,,,,,whitecarcoming,,,,149,,gross_parent,,,
,,,,,,,,0,0,348,,,,,,,0.8911004814644479,,,,,,,,,,,,0,,,,,,,,,,whitemancome,,,,347,,gross_parent,,,
,,,,,,,,0,0,111,,,,,,,0.8393328306801819,,,,,,,,,,,,0,,,,,,,,,,womanongrass,,,,110,,gross_parent,,,
,,,,,,,,0,0,143,,,,,,,0.7186439464810761,,,,,,,,,,,,0,,,,,,,,,,yellowexcesicebook,,,,142,,gross_parent,,,
,,,,,,,,0,0,333,,,,,,,0.7931903014780743,,,,,,,,,,,,0,,,,,,,,,,10rightblackboy,,,,332,,current_parent,,,
,,,,,,,,0,0,224,,,,,,,0.8600760023328342,,,,,,,,,,,,0,,,,,,,,,,1boygo,,,,223,,current_parent,,,
,,,,,,,,0,0,138,,,,,,,0.7036440453402357,,,,,,,,,,,,0,,,,,,,,,,2girlgoleft,,,,137,,current_parent,,,
,,,,,,,,0,0,122,,,,,,,0.8340247564828952,,,,,,,,,,,,0,,,,,,,,,,2outdark,,,,121,,current_parent,,,
,,,,,,,,0,0,135,,,,,,,0.8680172148835827,,,,,,,,,,,,0,,,,,,,,,,2rdtribike,,,,134,,current_parent,,,
,,,,,,,,299,2,449,,,,,,,0.19097255547081074,,,,,,,,,,,,1,,,,,,,,,,3whitemen,,,,448,,current_parent,,,
,,,,,,,,0,0,192,,,,,,,0.8313198371197112,,,,,,,,,,,,0,,,,,,,,,,4one,,,,191,,current_parent,,,
,,,,,,,,0,0,184,,,,,,,0.8385853546538425,,,,,,,,,,,,0,,,,,,,,,,4two,,,,183,,current_parent,,,
,,,,,,,,7,1,124,,,,,,,0.7288050113317163,,,,,,,,,,,,1,,,,,,,,,,9whitegirl,,,,123,,current_parent,,,
,,,,,,,,227,4,986,,,,,,,0.5783755717422544,,,,,,,,,,,,4,,,,,,,,,,Aboydownbike,,,,985,,current_parent,,,
,,,,,,,,533,40,8406,,,,,,,0.6940879599200994,,,,,,,,,,,,40,,,,,,,,,,ab_bolster,,,,8393,,current_parent,,,
,,,,,,,,1,0,172,,,,,,,0.827653129800668,,,,,,,,,,,,0,,,,,,,,,,ab_motocometurn,,,,168,,current_parent,,,
,,,,,,,,3,1,65,,,,,,,0.7366534561973914,,,,,,,,,,,,1,,,,,,,,,,ab_mototurn,,,,64,,current_parent,,,
,,,,,,,,2650,49,6981,,,,,,,0.44030946099574664,,,,,,,,,,,,49,,,,,,,,,,ab_rightcupcoming_infwhite_quezhen,,,,6980,,current_parent,,,
,,,,,,,,0,0,227,,,,,,,0.8147495766241794,,,,,,,,,,,,0,,,,,,,,,,abeauty_1202,,,,226,,current_parent,,,
,,,,,,,,0,0,159,,,,,,,0.918821354944955,,,,,,,,,,,,0,,,,,,,,,,aboy_1202,,,,158,,current_parent,,,
,,,,,,,,0,0,273,,,,,,,0.9099240404249361,,,,,,,,,,,,0,,,,,,,,,,agirl_1202,,,,272,,current_parent,,,
,,,,,,,,0,0,883,,,,,,,0.8669657949462239,,,,,,,,,,,,0,,,,,,,,,,ajiandan_blkdog,,,,882,,current_parent,,,
,,,,,,,,31,1,175,,,,,,,0.6332864523799399,,,,,,,,,,,,0,,,,,,,,,,basketball,,,,174,,current_parent,,,
,,,,,,,,22,1,110,,,,,,,0.4897670362794431,,,,,,,,,,,,0,,,,,,,,,,basketballshooting,,,,109,,current_parent,,,
,,,,,,,,0,0,150,,,,,,,0.8500433985975272,,,,,,,,,,,,0,,,,,,,,,,bike150,,,,149,,current_parent,,,
,,,,,,,,9,1,314,,,,,,,0.6516755912348475,,,,,,,,,,,,1,,,,,,,,,,bikecoming,,,,313,,current_parent,,,
,,,,,,,,2,0,256,,,,,,,0.7245245824745925,,,,,,,,,,,,0,,,,,,,,,,blackboy256,,,,255,,current_parent,,,
,,,,,,,,3,0,316,,,,,,,0.7580513601890777,,,,,,,,,,,,0,,,,,,,,,,blackman_0115,,,,315,,current_parent,,,
,,,,,,,,0,0,112,,,,,,,0.8570360375886568,,,,,,,,,,,,0,,,,,,,,,,blkbikecomes,,,,111,,current_parent,,,
,,,,,,,,0,0,329,,,,,,,0.8836935746415805,,,,,,,,,,,,0,,,,,,,,,,blkboy,,,,328,,current_parent,,,
,,,,,,,,0,0,181,,,,,,,0.892418396251467,,,,,,,,,,,,0,,,,,,,,,,blkboywithbluebag,,,,180,,current_parent,,,
,,,,,,,,3,0,451,,,,,,,0.7811984311977587,,,,,,,,,,,,0,,,,,,,,,,blkboywithumbrella,,,,450,,current_parent,,,
,,,,,,,,0,0,392,,,,,,,0.8815931292254288,,,,,,,,,,,,0,,,,,,,,,,blkcarfollowingwhite,,,,391,,current_parent,,,
,,,,,,,,0,0,228,,,,,,,0.8523028141446048,,,,,,,,,,,,0,,,,,,,,,,blueboybike,,,,227,,current_parent,,,
,,,,,,,,0,0,459,,,,,,,0.90118191708849,,,,,,,,,,,,0,,,,,,,,,,bluelittletruck,,,,458,,current_parent,,,
,,,,,,,,26,3,247,,,,,,,0.6343917619093358,,,,,,,,,,,,3,,,,,,,,,,boybackpack,,,,246,,current_parent,,,
,,,,,,,,186,4,318,,,,,,,0.3101155465361079,,,,,,,,,,,,3,,,,,,,,,,boybesidescarwithouthat,,,,317,,current_parent,,,
,,,,,,,,48,1,282,,,,,,,0.5798100316409535,,,,,,,,,,,,0,,,,,,,,,,boyfollowing,,,,281,,current_parent,,,
,,,,,,,,0,0,757,,,,,,,0.8985838489051734,,,,,,,,,,,,0,,,,,,,,,,boyinsnowfield4,,,,756,,current_parent,,,
,,,,,,,,0,0,382,,,,,,,0.8501756148257572,,,,,,,,,,,,0,,,,,,,,,,boyleave,,,,381,,current_parent,,,
,,,,,,,,0,0,83,,,,,,,0.7371686816208017,,,,,,,,,,,,0,,,,,,,,,,boyouttrees,,,,82,,current_parent,,,
,,,,,,,,2,0,386,,,,,,,0.8182537991794323,,,,,,,,,,,,0,,,,,,,,,,boyrightrubbish,,,,385,,current_parent,,,
,,,,,,,,3,0,161,,,,,,,0.779893603002138,,,,,,,,,,,,0,,,,,,,,,,boysback,,,,159,,current_parent,,,
,,,,,,,,0,0,88,,,,,,,0.851372253059251,,,,,,,,,,,,0,,,,,,,,,,boysitbike,,,,87,,current_parent,,,
,,,,,,,,14,1,441,,,,,,,0.6619545594251783,,,,,,,,,,,,1,,,,,,,,,,boysumbrella,,,,440,,current_parent,,,
,,,,,,,,523,4,809,,,,,,,0.2532900283904636,,,,,,,,,,,,3,,,,,,,,,,boytakepath,,,,808,,current_parent,,,
,,,,,,,,0,0,392,,,,,,,0.8300640130157807,,,,,,,,,,,,0,,,,,,,,,,browncarturn,,,,391,,current_parent,,,
,,,,,,,,0,0,141,,,,,,,0.8963679419612027,,,,,,,,,,,,0,,,,,,,,,,carcomeonlight2,,,,140,,current_parent,,,
,,,,,,,,0,0,158,,,,,,,0.8069549458423841,,,,,,,,,,,,0,,,,,,,,,,comebike,,,,157,,current_parent,,,
,,,,,,,,325,9,930,,,,,,,0.5195480802003292,,,,,,,,,,,,9,,,,,,,,,,dotat43,,,,929,,current_parent,,,
,,,,,,,,0,0,53,,,,,,,0.8691859459054541,,,,,,,,,,,,0,,,,,,,,,,downmoto,,,,52,,current_parent,,,
,,,,,,,,0,0,195,,,,,,,0.8399379213944277,,,,,,,,,,,,0,,,,,,,,,,easy_4women,,,,193,,current_parent,,,
,,,,,,,,0,0,266,,,,,,,0.8579091003792199,,,,,,,,,,,,0,,,,,,,,,,elector_0115,,,,265,,current_parent,,,
,,,,,,,,139,7,1161,,,,,,,0.5756901533847345,,,,,,,,,,,,7,,,,,,,,,,exercisebook,,,,1160,,current_parent,,,
,,,,,,,,0,0,151,,,,,,,0.8345162037964048,,,,,,,,,,,,0,,,,,,,,,,folddenumbrellainhand,,,,150,,current_parent,,,
,,,,,,,,0,0,109,,,,,,,0.8323307466873144,,,,,,,,,,,,0,,,,,,,,,,girlbike,,,,108,,current_parent,,,
,,,,,,,,313,1,388,,,,,,,0.15711250388597076,,,,,,,,,,,,0,,,,,,,,,,girlblack,,,,387,,current_parent,,,
,,,,,,,,1,0,67,,,,,,,0.6662605242462556,,,,,,,,,,,,0,,,,,,,,,,girlintrees,,,,66,,current_parent,,,
,,,,,,,,5,1,307,,,,,,,0.761182552496252,,,,,,,,,,,,1,,,,,,,,,,girlwithredhat,,,,306,,current_parent,,,
,,,,,,,,37,1,244,,,,,,,0.6687393592707077,,,,,,,,,,,,1,,,,,,,,,,guardatbike_ab,,,,216,,current_parent,,,
,,,,,,,,44,1,116,,,,,,,0.5151987766942705,,,,,,,,,,,,0,,,,,,,,,,guardman,,,,115,,current_parent,,,
,,,,,,,,402,12,1611,,,,,,,0.5767244274155193,,,,,,,,,,,,12,,,,,,,,,,leftbasketball,,,,1610,,current_parent,,,
,,,,,,,,0,0,405,,,,,,,0.8384123397586694,,,,,,,,,,,,0,,,,,,,,,,leftof2girls,,,,404,,current_parent,,,
,,,,,,,,45,1,286,,,,,,,0.6148456079862351,,,,,,,,,,,,0,,,,,,,,,,lonelyman,,,,285,,current_parent,,,
,,,,,,,,0,0,151,,,,,,,0.7402850068231571,,,,,,,,,,,,0,,,,,,,,,,man,,,,150,,current_parent,,,
,,,,,,,,32,3,505,,,,,,,0.6427755210637041,,,,,,,,,,,,3,,,,,,,,,,man2startmoto,,,,504,,current_parent,,,
,,,,,,,,21,1,100,,,,,,,0.5344976484999193,,,,,,,,,,,,1,,,,,,,,,,manafetrtrees,,,,99,,current_parent,,,
,,,,,,,,0,0,204,,,,,,,0.7694537547191134,,,,,,,,,,,,0,,,,,,,,,,meituanbike,,,,203,,current_parent,,,
,,,,,,,,1,0,309,,,,,,,0.7149331935232756,,,,,,,,,,,,0,,,,,,,,,,moto2north2,,,,308,,current_parent,,,
,,,,,,,,0,0,78,,,,,,,0.9107133650701199,,,,,,,,,,,,0,,,,,,,,,,moto78,,,,77,,current_parent,,,
,,,,,,,,0,0,139,,,,,,,0.727195102902722,,,,,,,,,,,,0,,,,,,,,,,motobesidescar,,,,138,,current_parent,,,
,,,,,,,,0,0,117,,,,,,,0.7713575990916413,,,,,,,,,,,,0,,,,,,,,,,motocome,,,,116,,current_parent,,,
,,,,,,,,0,0,91,,,,,,,0.8547807163996908,,,,,,,,,,,,0,,,,,,,,,,motocomenight,,,,90,,current_parent,,,
,,,,,,,,0,0,89,,,,,,,0.8838905273593011,,,,,,,,,,,,0,,,,,,,,,,motowithgood,,,,88,,current_parent,,,
,,,,,,,,0,0,110,,,,,,,0.8184952418798863,,,,,,,,,,,,0,,,,,,,,,,nightmototurn,,,,109,,current_parent,,,
,,,,,,,,2,0,603,,,,,,,0.6847177373492112,,,,,,,,,,,,0,,,,,,,,,,openthisexersicebook,,,,602,,current_parent,,,
,,,,,,,,382,11,2110,,,,,,,0.5688503194560715,,,,,,,,,,,,11,,,,,,,,,,outer2leftmirrorback,,,,2109,,current_parent,,,
,,,,,,,,0,0,256,,,,,,,0.8959305855441501,,,,,,,,,,,,0,,,,,,,,,,redshirtman,,,,255,,current_parent,,,
,,,,,,,,560,4,840,,,,,,,0.26528831819726906,,,,,,,,,,,,4,,,,,,,,,,rightbiggreenboy,,,,839,,current_parent,,,
,,,,,,,,72,1,360,,,,,,,0.6152633426994935,,,,,,,,,,,,0,,,,,,,,,,rightboy`shead,,,,359,,current_parent,,,
,,,,,,,,10,1,1096,,,,,,,0.8375316820974414,,,,,,,,,,,,0,,,,,,,,,,rightholdball1096,,,,1052,,current_parent,,,
,,,,,,,,0,0,506,,,,,,,0.8871143184582034,,,,,,,,,,,,0,,,,,,,,,,rightredboy,,,,505,,current_parent,,,
,,,,,,,,67,1,948,,,,,,,0.7399074789010622,,,,,,,,,,,,1,,,,,,,,,,rightshiningmirror,,,,947,,current_parent,,,
,,,,,,,,155,1,1602,,,,,,,0.7769705074524773,,,,,,,,,,,,1,,,,,,,,,,righttallnine-gai,,,,1601,,current_parent,,,
,,,,,,,,0,0,273,,,,,,,0.8389378705851547,,,,,,,,,,,,0,,,,,,,,,,rightwhite_1227,,,,272,,current_parent,,,
,,,,,,,,7,2,412,,,,,,,0.8379406136259182,,,,,,,,,,,,2,,,,,,,,,,stripeman,,,,411,,current_parent,,,
,,,,,,,,24,2,260,,,,,,,0.6840266205597645,,,,,,,,,,,,2,,,,,,,,,,stubesideswhitecar,,,,259,,current_parent,,,
,,,,,,,,14,2,443,,,,,,,0.732737547268559,,,,,,,,,,,,2,,,,,,,,,,suitcase,,,,442,,current_parent,,,
,,,,,,,,0,0,117,,,,,,,0.8363580309761753,,,,,,,,,,,,0,,,,,,,,,,take-out-motocoming,,,,116,,current_parent,,,
,,,,,,,,0,0,307,,,,,,,0.8424263542488526,,,,,,,,,,,,0,,,,,,,,,,tallboyblack,,,,306,,current_parent,,,
,,,,,,,,1,0,150,,,,,,,0.8311820627832671,,,,,,,,,,,,0,,,,,,,,,,turnblkbike,,,,149,,current_parent,,,
,,,,,,,,0,0,193,,,,,,,0.8352130423723535,,,,,,,,,,,,0,,,,,,,,,,unbrellainbike,,,,192,,current_parent,,,
,,,,,,,,7,1,251,,,,,,,0.7320904238751286,,,,,,,,,,,,1,,,,,,,,,,waiterontheothersideofwindow,,,,250,,current_parent,,,
,,,,,,,,170,1,1117,,,,,,,0.6958519685323401,,,,,,,,,,,,1,,,,,,,,,,whiteaftertrees,,,,1116,,current_parent,,,
,,,,,,,,1,0,169,,,,,,,0.8217108404463891,,,,,,,,,,,,0,,,,,,,,,,whiteatright,,,,168,,current_parent,,,
,,,,,,,,0,0,102,,,,,,,0.7898482653691828,,,,,,,,,,,,0,,,,,,,,,,whiteblcakwoman,,,,101,,current_parent,,,
,,,,,,,,0,0,85,,,,,,,0.9154633034443235,,,,,,,,,,,,0,,,,,,,,,,whitecarafterbike,,,,84,,current_parent,,,
,,,,,,,,0,0,113,,,,,,,0.915594837694539,,,,,,,,,,,,0,,,,,,,,,,whitecarcome,,,,112,,current_parent,,,
,,,,,,,,0,0,150,,,,,,,0.9253347939048521,,,,,,,,,,,,0,,,,,,,,,,whitecarcoming,,,,149,,current_parent,,,
,,,,,,,,0,0,348,,,,,,,0.8910893902382916,,,,,,,,,,,,0,,,,,,,,,,whitemancome,,,,347,,current_parent,,,
,,,,,,,,0,0,111,,,,,,,0.8393328306801819,,,,,,,,,,,,0,,,,,,,,,,womanongrass,,,,110,,current_parent,,,
,,,,,,,,0,0,143,,,,,,,0.7186439464810761,,,,,,,,,,,,0,,,,,,,,,,yellowexcesicebook,,,,142,,current_parent,,,
327,327,0,1583,9.674893023135024,0,0,0,0,0,333,332,1583,0,93,327,5,0.7931903014780743,331.9999945888078,0.0,53.39883655309677,0.0,331.9999999810652,0.0,53.354777812957764,0.0,0,0,0,0,0,0.0,0,0,0,0,0,0,0,10rightblackboy,93,332,0,332,332,old_lr5_best,0,0,0
223,223,0,1106,1.8045675489556825,0,0,0,0,0,224,223,1106,0,207,223,0,0.8600760023328342,223.00000025709542,0.0,118.85243862867355,0.0,222.99999927261894,0.0,118.78779047727585,0.0,0,0,0,0,0,0.0,0,0,0,0,0,0,0,1boygo,207,223,0,223,223,old_lr5_best,0,0,0
130,130,0,644,4.347797018319033,0,0,6,0,0,138,137,644,0,0,130,7,0.7036440453402357,137.0,0.0,0.0,0.0,137.0,0.0,0.0,0.0,0,0,0,0,0,351781.590566178,6,0,0,0,0,6,0,2girlgoleft,0,137,0,137,137,old_lr5_best,0,0,0
121,121,0,519,1.7269003278644481,0,0,1,0,0,122,121,519,0,19,121,0,0.8340247564828952,120.99999972521063,0.0,10.90558123588562,0.0,121.00000285651602,0.0,10.900043964385986,0.0,0,0,0,0,0,79032.30011358806,1,0,0,0,0,1,0,2outdark,19,121,0,121,121,old_lr5_best,0,0,0
134,134,0,654,2.835532425827016,0,0,0,0,0,135,134,654,0,134,134,0,0.8680172148835827,134.0000004323007,0.0,76.93780487775803,0.0,133.99999943933494,0.0,76.89596074819565,0.0,0,0,0,0,0,0.0,0,0,0,0,0,0,0,2rdtribike,134,134,0,134,134,old_lr5_best,0,0,0
166,92,299,3005,148.8942076270908,3,0,200,299,2,449,448,3005,0,0,119,329,0.19097255547081074,448.0,0.0,0.0,0.0,448.0,0.0,0.0,0.0,47,0,0,1,0,14362715.479261326,200,0,1,1,1,153,299,3whitemen,0,448,3,448,448,old_lr5_best,0,0,0
191,191,0,951,2.2150969609134186,0,0,0,0,0,192,191,951,0,14,191,0,0.8313198371197112,191.00000430518332,0.0,8.03539103269577,0.0,190.99999906772018,0.0,8.031842589378357,0.0,0,0,0,0,0,0.0,0,0,0,0,0,0,0,4one,14,191,0,191,191,old_lr5_best,0,0,0
183,183,0,914,1.8354688248114006,0,0,0,0,0,184,183,914,0,113,183,0,0.8385853546538425,182.99999937502778,0.0,64.86701846122742,0.0,183.00000094236012,0.0,64.82944750785828,0.0,0,0,0,0,0,0.0,0,0,0,0,0,0,0,4two,113,183,0,183,183,old_lr5_best,0,0,0
122,115,8,611,10.16308651592863,1,0,7,7,1,124,123,611,0,98,121,2,0.7288050113317163,123.00000034585638,0.0,56.278665006160736,0.0,122.999999992104,0.0,56.23377513885498,0.0,1,0,0,1,0,4223003.551738154,7,0,0,1,1,6,7,9whitegirl,98,123,1,123,123,old_lr5_best,0,0,0
772,725,228,4884,179.69502806416057,5,0,44,227,4,986,985,4884,1,238,767,218,0.5783755717422544,985.0000040701427,206.04006273843325,136.69415152072906,44.223118007183075,985.0000033283692,113.99615336091016,136.54731738567352,44.17858046293259,5,1,1,4,1,4580291.249848558,44,0,1,3,1,39,227,Aboydownbike,238,985,5,985,985,old_lr5_best,252,1,77
7406,7177,533,43635,750.4929809051334,19,0,1315,533,40,8406,8393,43550,0,718,7255,1138,0.6940879599200994,8393.00000972241,0.0,412.03020066022873,0.0,8392.999989225225,0.0,411.94851142168045,0.0,151,0,0,40,1,630763809.0470223,1315,3,10,9,5,1157,533,ab_bolster,718,8405,19,8393,8393,old_lr5_best,0,0,0
166,163,2,859,3.858953292842492,1,0,7,1,0,172,168,829,0,96,166,2,0.827653129800668,168.0000009701391,0.0,55.13541388511658,0.0,168.00000070402356,0.0,55.08146917819977,0.0,0,0,0,0,0,249873.7839458672,7,0,0,1,1,4,1,ab_motocometurn,96,171,1,168,168,old_lr5_best,0,0,0
58,51,3,379,5.84195688701415,0,0,12,3,1,65,64,379,0,49,51,13,0.7366534561973914,63.999999655607596,0.0,28.140394151210785,0.0,64.0000012669211,0.0,28.114199936389923,0.0,7,0,0,1,0,938840.8008570066,12,0,0,0,0,5,3,ab_mototurn,49,64,0,64,64,old_lr5_best,0,0,0
4457,3336,2651,30500,2323.8241116445843,2,0,145,2650,49,6981,6980,30500,0,2686,4431,2549,0.44030946099574664,6979.999947803733,2810.1889059061064,1541.478991508484,755.2619815468788,6980.000021308482,3413.6013389769337,1541.281698346138,755.1634607315063,26,0,0,49,0,59706724.78822793,145,0,0,1,0,119,2650,ab_rightcupcoming_infwhite_quezhen,2686,6980,2,6980,6980,old_lr5_best,3352,0,1316
226,226,0,1088,2.860579666444301,0,0,0,0,0,227,226,1088,0,226,226,0,0.8147495766241794,225.99999840370688,0.0,129.83833664655685,0.0,226.00000154180515,0.0,129.74368059635162,0.0,0,0,0,0,0,0.0,0,0,0,0,0,0,0,abeauty_1202,226,226,0,226,226,old_lr5_best,0,0,0
158,158,0,790,0.3439365745576996,0,0,0,0,0,159,158,790,0,158,158,0,0.918821354944955,158.00000161053828,0.0,90.68769407272339,0.0,158.0000004564878,0.0,90.70261245965958,0.0,0,0,0,0,0,0.0,0,0,0,0,0,0,0,aboy_1202,158,158,0,158,158,old_lr5_best,0,0,0
272,272,0,1317,1.3858196712585409,0,0,0,0,0,273,272,1317,0,263,272,0,0.9099240404249361,271.9999998764689,0.0,150.94391292333603,0.0,271.99999831629196,0.0,150.94809484481812,0.0,0,0,0,0,0,0.0,0,0,0,0,0,0,0,agirl_1202,263,272,0,272,272,old_lr5_best,0,0,0
882,882,0,4400,3.8362375250413514,0,0,0,0,0,883,882,4400,0,777,882,0,0.8669657949462239,881.9999986961301,0.0,446.044817507267,0.0,881.9999996277088,0.0,445.8208413720131,0.0,0,0,0,0,0,0.0,0,0,0,0,0,0,0,ajiandan_blkdog,777,882,0,882,882,old_lr5_best,0,0,0
138,123,45,909,14.831355225904229,15,0,26,31,1,175,174,909,0,12,131,43,0.6332864523799399,174.0000015713853,0.0,6.887058913707733,0.0,173.9999993944029,0.0,6.884172558784485,0.0,7,0,0,0,6,330723.07584483596,26,0,0,15,11,19,31,basketball,12,174,15,174,174,old_lr5_best,0,0,0
67,63,23,636,23.400049237730226,1,0,33,22,1,110,109,636,0,0,66,43,0.4897670362794431,109.0,0.0,0.0,0.0,109.0,0.0,0.0,0.0,1,0,0,0,0,4840285.348301819,33,0,0,1,0,32,22,basketballshooting,0,109,1,109,109,old_lr5_best,0,0,0
148,148,0,728,1.2646633483204366,0,0,1,0,0,150,149,728,0,102,148,1,0.8500433985975272,149.0000016236763,0.0,58.56565886735916,0.0,148.99999991484725,0.0,58.52635967731476,0.0,0,0,0,0,0,19397.85185248858,1,0,0,0,0,1,0,bike150,102,149,0,149,149,old_lr5_best,0,0,0
268,268,9,1599,6.529665285207907,0,0,28,9,1,314,313,1599,0,48,268,45,0.6516755912348475,313.0000000859323,0.0,27.575207114219666,0.0,313.00000005560895,0.0,27.53929579257965,0.0,0,0,0,1,0,1372238.4548375523,28,0,0,0,0,28,9,bikecoming,48,313,0,313,313,old_lr5_best,0,0,0
225,224,2,1203,7.8662926921132055,0,0,6,2,0,256,255,1203,0,114,224,31,0.7245245824745925,254.99999998456056,0.0,65.48246103525162,0.0,255.00000232435224,0.0,65.40842008590698,0.0,1,0,0,0,0,1308625.4144756189,6,0,0,0,0,5,2,blackboy256,114,255,0,255,255,old_lr5_best,0,0,0
289,289,3,1537,7.217208946503565,0,0,4,3,0,316,315,1537,0,184,289,26,0.7580513601890777,315.00000160833724,0.0,105.64531111717224,0.0,314.9999970833891,0.0,105.5782201886177,0.0,0,0,0,0,0,1953805.3547625472,4,0,0,0,0,4,3,blackman_0115,184,315,0,315,315,old_lr5_best,0,0,0
111,111,0,555,0.7698931780971946,0,0,0,0,0,112,111,555,0,108,111,0,0.8570360375886568,111.00000085844142,0.0,62.007848381996155,0.0,111.00000041061166,0.0,61.96292459964752,0.0,0,0,0,0,0,0.0,0,0,0,0,0,0,0,blkbikecomes,108,111,0,111,111,old_lr5_best,0,0,0
325,325,0,1640,1.6514868318583797,0,0,0,0,0,329,328,1640,0,289,325,3,0.8836935746415805,328.0000001207409,0.0,165.91903442144394,0.0,328.00000068268264,0.0,165.855815410614,0.0,0,0,0,0,0,0.0,0,0,0,0,0,0,0,blkboy,289,328,0,328,328,old_lr5_best,0,0,0
180,180,0,877,1.8036160186357137,0,0,0,0,0,181,180,877,0,165,180,0,0.892418396251467,180.00000040460586,0.0,94.7158835530281,0.0,179.99999967216488,0.0,94.69534176588058,0.0,0,0,0,0,0,0.0,0,0,0,0,0,0,0,blkboywithbluebag,165,180,0,180,180,old_lr5_best,0,0,0
432,432,3,2180,14.444355301375245,0,0,8,3,0,451,450,2180,0,175,432,18,0.7811984311977587,450.00000251525097,0.5178549430423339,100.47751700878143,0.574368953704834,449.99999935672736,1.2864835204115466,100.39911848306656,0.5736806988716125,0,0,0,0,0,213583.2312397948,8,0,0,0,0,8,3,blkboywithumbrella,175,450,0,450,450,old_lr5_best,2,0,1
390,390,0,1952,1.1266891836682316,0,0,0,0,0,392,391,1952,0,389,390,1,0.8815931292254288,391.0000007152394,0.0,223.39817762374878,0.0,391.0000003054627,0.0,223.17885035276413,0.0,0,0,0,0,0,0.0,0,0,0,0,0,0,0,blkcarfollowingwhite,389,391,0,391,391,old_lr5_best,0,0,0
227,227,0,1063,1.4577937682420496,0,0,0,0,0,228,227,1063,0,145,227,0,0.8523028141446048,226.99999981843155,0.0,83.26698988676071,0.0,226.9999995699158,0.0,83.18994581699371,0.0,0,0,0,0,0,0.0,0,0,0,0,0,0,0,blueboybike,145,227,0,227,227,old_lr5_best,0,0,0
454,454,0,2290,4.43225704001774,0,0,0,0,0,459,458,2290,0,458,454,4,0.90118191708849,458.0000022012475,0.0,263.01452243328094,0.0,457.9999993155192,0.0,262.79620414972305,0.0,0,0,0,0,0,0.0,0,0,0,0,0,0,0,bluelittletruck,458,458,0,458,458,old_lr5_best,0,0,0
226,201,27,1437,47.026910667388236,1,0,56,26,3,247,246,1437,0,65,219,27,0.6343917619093358,245.99999812674554,0.0,37.314023554325104,0.0,245.99999862653794,0.0,37.29904192686081,0.0,7,0,0,3,0,11562077.768476149,56,0,0,1,1,49,26,boybackpack,65,246,1,246,246,old_lr5_best,0,0,0
157,123,186,2052,109.44874100550848,2,0,105,186,4,318,317,2052,0,0,148,169,0.3101155465361079,317.0,0.0,0.0,0.0,317.0,0.0,0.0,0.0,9,0,0,3,0,5245780.628836976,105,0,0,0,0,96,186,boybesidescarwithouthat,0,317,2,317,317,old_lr5_best,0,0,0
215,213,48,1613,28.59441757139004,0,0,48,48,1,282,281,1613,0,63,213,68,0.5798100316409535,281.0000004662261,0.0,36.18556898832321,0.0,280.9999987916062,0.0,36.156003534793854,0.0,2,0,0,0,0,24400360.8178802,48,0,0,0,0,46,48,boyfollowing,63,281,0,281,281,old_lr5_best,0,0,0
756,756,0,3631,2.0911007886393334,0,0,0,0,0,757,756,3631,0,678,756,0,0.8985838489051734,755.9999989366246,0.0,389.2771208882332,0.0,756.0000027265477,0.0,389.0663070678711,0.0,0,0,0,0,0,0.0,0,0,0,0,0,0,0,boyinsnowfield4,678,756,0,756,756,old_lr5_best,0,0,0
378,378,0,1805,3.3114055908502795,0,0,2,0,0,382,381,1805,0,337,378,3,0.8501756148257572,381.0000003194014,0.0,193.54693585634232,0.0,381.00000071767704,0.0,193.35336297750473,0.0,0,0,0,0,0,148447.50363202876,2,0,0,0,0,2,0,boyleave,337,381,0,381,381,old_lr5_best,0,0,0
81,81,0,367,1.4672301654184088,0,0,0,0,0,83,82,367,0,21,81,1,0.7371686816208017,81.99999949124958,0.0,12.05726969242096,0.0,81.99999994051839,0.0,12.047914206981659,0.0,0,0,0,0,0,0.0,0,0,0,0,0,0,0,boyouttrees,21,82,0,82,82,old_lr5_best,0,0,0
381,376,2,1953,8.05266293241575,0,0,8,2,0,386,385,1953,0,295,377,8,0.8182537991794323,384.99999968158335,0.0,169.38980984687805,0.0,384.99999834293664,0.0,169.28870749473572,0.0,4,0,0,0,0,3404545.016814748,8,0,0,0,0,4,2,boyrightrubbish,295,385,0,385,385,old_lr5_best,0,0,0
158,156,3,783,3.9877719098511624,0,0,3,3,0,161,158,778,0,90,158,1,0.779893603002138,158.00256262685966,0.0,51.67914056777954,0.0,158.00155702248864,0.0,51.63682746887207,0.0,0,0,0,0,0,194613.07954710218,3,0,0,0,0,3,3,boysback,91,160,0,159,159,old_lr5_best,0,0,0
87,87,0,423,0.5206039021179891,0,0,0,0,0,88,87,423,0,80,87,0,0.851372253059251,87.00000037136023,0.0,45.9361886382103,0.0,87.00000000100881,0.0,45.89705330133438,0.0,0,0,0,0,0,0.0,0,0,0,0,0,0,0,boysitbike,80,87,0,87,87,old_lr5_best,0,0,0
351,344,14,2335,23.144964949520585,0,0,65,14,1,441,440,2335,0,39,345,95,0.6619545594251783,439.999993056245,0.0,22.3826003074646,0.0,439.99999959686323,0.0,22.373367130756378,0.0,6,0,0,1,0,8443296.293487405,65,0,0,0,0,59,14,boysumbrella,39,440,0,440,440,old_lr5_best,0,0,0
237,231,525,3888,38.211411720764744,4,0,181,523,4,809,808,3888,0,101,237,571,0.2532900283904636,808.0000196674777,0.0,57.99268066883087,0.0,808.0000258103865,0.0,57.94463312625885,0.0,0,0,0,3,0,52769000.46466765,182,0,1,2,1,181,523,boytakepath,101,808,4,808,808,old_lr5_best,0,0,0
391,391,0,1939,3.1206643415435487,0,0,0,0,0,392,391,1939,0,391,391,0,0.8300640130157807,391.0000000397017,0.0,224.6123712658882,0.0,391.00000138044015,0.0,224.35820454359055,0.0,0,0,0,0,0,0.0,0,0,0,0,0,0,0,browncarturn,391,391,0,391,391,old_lr5_best,0,0,0
140,140,0,678,0.18988870023111476,0,0,0,0,0,141,140,678,0,136,140,0,0.8963679419612027,140.0000002715655,0.0,78.09304404258728,0.0,140.00000097679435,0.0,78.03506910800934,0.0,0,0,0,0,0,0.0,0,0,0,0,0,0,0,carcomeonlight2,136,140,0,140,140,old_lr5_best,0,0,0
157,157,0,707,1.7678752598484362,0,0,0,0,0,158,157,707,0,115,157,0,0.8069549458423841,157.00000002803185,0.0,66.02556622028351,0.0,156.9999972854155,0.0,65.97891783714294,0.0,0,0,0,0,0,0.0,0,0,0,0,0,0,0,comebike,115,157,0,157,157,old_lr5_best,0,0,0
777,591,331,4999,327.04640850983014,7,0,73,325,9,930,929,4999,0,0,775,154,0.5195480802003292,929.0,0.0,0.0,0.0,929.0,0.0,0.0,0.0,2,0,0,9,0,68511278.30868424,73,0,0,6,6,71,325,dotat43,0,929,7,929,929,old_lr5_best,0,0,0
52,52,0,260,1.1127374602106646,0,0,0,0,0,53,52,260,0,29,52,0,0.8691859459054541,51.99999951291413,0.0,16.6579270362854,0.0,52.0000001418276,0.0,16.64090746641159,0.0,0,0,0,0,0,0.0,0,0,0,0,0,0,0,downmoto,29,52,0,52,52,old_lr5_best,0,0,0
193,193,0,917,2.7377506900717137,0,0,0,0,0,195,193,912,0,0,193,0,0.8399379213944277,193.0,0.0,0.0,0.0,193.0,0.0,0.0,0.0,0,0,0,0,0,0.0,0,0,0,0,0,0,0,easy_4women,0,194,0,193,193,old_lr5_best,0,0,0
265,265,0,1319,2.1161710843250914,0,0,0,0,0,266,265,1319,0,265,265,0,0.8579091003792199,264.9999993370047,0.0,152.1456498503685,0.0,265.0000017263131,0.0,152.072307407856,0.0,0,0,0,0,0,0.0,0,0,0,0,0,0,0,elector_0115,265,265,0,265,265,old_lr5_best,0,0,0
791,745,140,5331,149.28494727421673,1,0,32,139,7,1161,1160,5331,0,152,788,372,0.5756901533847345,1159.9999720327282,66.9140932293885,87.24482929706573,7.461465954780579,1160.0000078613243,54.997359976142846,87.21053963899612,7.458142280578613,3,0,0,7,0,3823458.5399208847,32,0,0,1,1,29,139,exercisebook,152,1160,1,1160,1160,old_lr5_best,73,0,13
149,148,1,676,1.8160812193113212,1,0,2,0,0,151,150,676,0,32,149,1,0.8345162037964048,150.00000033473458,0.0,18.369265019893646,0.0,150.0000005895071,0.0,18.35930860042572,0.0,0,0,0,0,0,13436.902783559344,2,0,0,1,1,2,0,folddenumbrellainhand,32,150,1,150,150,old_lr5_best,0,0,0
108,108,0,513,1.3305010612471724,0,0,0,0,0,109,108,513,0,97,108,0,0.8323307466873144,108.00000087095249,0.0,55.71016848087311,0.0,107.99999960690147,0.0,55.65169316530228,0.0,0,0,0,0,0,0.0,0,0,0,0,0,0,0,girlbike,97,108,0,108,108,old_lr5_best,0,0,0
286,70,313,1880,361.8218719169216,1,0,5,313,1,388,387,1880,0,345,286,101,0.15711250388597076,387.00000041610167,303.53315300183016,198.06387042999268,156.1466099023819,386.9999983648055,309.541478416697,197.9444369673729,156.06058776378632,0,0,0,0,0,517835.55588378944,5,0,0,0,0,5,313,girlblack,345,387,1,387,387,old_lr5_best,312,0,272
57,55,1,348,5.13244928044581,0,0,11,1,0,67,66,348,0,0,55,11,0.6662605242462556,66.0,0.0,0.0,0.0,66.0,0.0,0.0,0.0,2,0,0,0,0,567442.8908900823,11,0,0,0,0,9,1,girlintrees,0,66,0,66,66,old_lr5_best,0,0,0
289,285,5,1515,10.767479899286883,0,0,15,5,1,307,306,1515,0,236,285,21,0.761182552496252,306.0000016030727,0.0,135.45385360717773,0.0,305.99999729513667,0.0,135.4355663061142,0.0,4,0,0,1,0,7366314.512265402,15,0,0,0,0,11,5,girlwithredhat,236,306,0,306,306,old_lr5_best,0,0,0
176,170,38,1283,16.263969614696972,2,1,31,37,1,244,216,1118,1,177,174,42,0.6687393592707077,216.00000154435102,0.0,101.6394213438034,0.0,216.00000158935657,0.0,101.55585879087448,0.0,2,1,1,1,0,13004711.648435835,31,0,0,1,1,23,37,guardatbike_ab,177,243,1,216,216,old_lr5_best,0,0,0
70,66,44,646,13.39413259472318,0,0,23,44,1,116,115,646,0,50,69,46,0.5151987766942705,115.00000211435358,0.0,28.707114040851593,0.0,114.99999960113607,0.0,28.685609757900238,0.0,1,0,0,0,0,6469931.750464028,23,0,0,0,0,22,44,guardman,50,115,0,115,115,old_lr5_best,0,0,0
1108,1099,407,8893,95.36093651666164,9,0,380,402,12,1611,1610,8893,0,223,1108,502,0.5767244274155193,1610.0000100717853,0.0,127.96717911958694,0.0,1609.9999903706616,0.0,127.94245672225952,0.0,0,0,0,12,0,85678925.43082738,380,0,0,5,4,380,402,leftbasketball,223,1610,9,1610,1610,old_lr5_best,0,0,0
404,404,0,1999,8.951396874634625,0,0,2,0,0,405,404,1999,0,216,404,0,0.8384123397586694,403.99999621500666,0.0,124.03600710630417,0.0,404.00000093778954,0.0,123.9279397726059,0.0,0,0,0,0,0,91359.28734559687,2,0,0,0,0,2,0,leftof2girls,216,404,0,404,404,old_lr5_best,0,0,0
221,220,44,1386,14.539285000711189,1,0,25,45,1,286,285,1386,0,37,221,64,0.6148456079862351,284.99999935280215,0.0,21.256164014339447,0.0,285.0000031751395,0.0,21.227710902690887,0.0,0,0,0,0,0,6357720.215577574,25,0,1,0,0,25,45,lonelyman,37,285,1,285,285,old_lr5_best,0,0,0
150,150,0,741,2.871290497485853,0,0,0,0,0,151,150,741,0,97,150,0,0.7402850068231571,150.00000136300932,0.0,55.6941077709198,0.0,149.9999983802234,0.0,55.653404891490936,0.0,0,0,0,0,0,0.0,0,0,0,0,0,0,0,man,97,150,0,150,150,old_lr5_best,0,0,0
420,410,32,2421,39.345598932860064,0,0,32,32,3,505,504,2421,0,26,413,91,0.6427755210637041,503.9999920607977,0.0,14.930823147296906,0.0,503.9999731723918,0.0,14.919312059879303,0.0,7,0,0,3,0,10690560.897185909,32,0,0,0,0,25,32,man2startmoto,26,504,0,504,504,old_lr5_best,0,0,0
65,64,21,580,4.990314210248734,0,0,21,21,1,100,99,580,0,2,65,34,0.5344976484999193,98.99999849411664,0.0,1.1475929021835327,0.0,98.99999932192763,0.0,1.1473838686943054,0.0,0,0,0,1,0,3293754.1507153893,21,0,0,0,0,21,21,manafetrtrees,2,99,0,99,99,old_lr5_best,0,0,0
202,202,0,976,2.3436828753649146,0,0,0,0,0,204,203,976,0,114,202,1,0.7694537547191134,202.99999783209626,0.0,65.4612010717392,0.0,203.0000003403608,0.0,65.40551263093948,0.0,0,0,0,0,0,0.0,0,0,0,0,0,0,0,meituanbike,114,203,0,203,203,old_lr5_best,0,0,0
297,297,1,1356,8.483469877799319,0,0,3,1,0,309,308,1356,0,113,297,11,0.7149331935232756,308.0000012357211,0.0,64.88581019639969,0.0,307.9999991638051,0.0,64.83173334598541,0.0,0,0,0,0,0,77891.32792387677,3,0,0,0,0,3,1,moto2north2,113,308,0,308,308,old_lr5_best,0,0,0
77,77,0,349,0.22073192287016138,0,0,0,0,0,78,77,349,0,72,77,0,0.9107133650701199,76.99999993386037,0.0,41.34039741754532,0.0,76.99999943104385,0.0,41.31379592418671,0.0,0,0,0,0,0,0.0,0,0,0,0,0,0,0,moto78,72,77,0,77,77,old_lr5_best,0,0,0
125,124,0,697,6.123379663081396,0,0,18,0,0,139,138,697,0,48,124,14,0.727195102902722,138.00000092526489,0.0,27.56255668401718,0.0,137.99999876051587,0.0,27.539118707180023,0.0,1,0,0,0,0,375027.72462683736,18,0,0,0,0,17,0,motobesidescar,48,138,0,138,138,old_lr5_best,0,0,0
114,114,0,533,1.717489390430071,0,0,0,0,0,117,116,533,0,42,114,2,0.7713575990916413,116.00000067091133,0.0,24.12438863515854,0.0,116.00000019007138,0.0,24.09593117237091,0.0,0,0,0,0,0,0.0,0,0,0,0,0,0,0,motocome,42,116,0,116,116,old_lr5_best,0,0,0
90,90,0,433,0.4945836672508271,0,0,0,0,0,91,90,433,0,83,90,0,0.8547807163996908,89.99999996314193,0.0,47.66686487197876,0.0,90.00000013366657,0.0,47.618113815784454,0.0,0,0,0,0,0,0.0,0,0,0,0,0,0,0,motocomenight,83,90,0,90,90,old_lr5_best,0,0,0
88,88,0,431,0.7853455212861928,0,0,0,0,0,89,88,431,0,88,88,0,0.8838905273593011,87.99999975885403,0.0,50.53443032503128,0.0,88.0000000248356,0.0,50.48888599872589,0.0,0,0,0,0,0,0.0,0,0,0,0,0,0,0,motowithgood,88,88,0,88,88,old_lr5_best,0,0,0
109,109,0,514,1.0926046157003846,0,0,0,0,0,110,109,514,0,88,109,0,0.8184952418798863,108.99999913106177,0.0,50.53958439826965,0.0,108.99999954579094,0.0,50.48851656913757,0.0,0,0,0,0,0,0.0,0,0,0,0,0,0,0,nightmototurn,88,109,0,109,109,old_lr5_best,0,0,0
458,454,2,2797,35.072665856111485,0,0,10,2,0,603,602,2797,0,108,458,144,0.6847177373492112,601.9999947540874,0.0,61.99154007434845,0.0,601.9999978711129,0.0,61.972747802734375,0.0,0,0,0,0,0,1958760.608924728,10,0,0,0,0,10,2,openthisexersicebook,108,602,0,602,602,old_lr5_best,0,0,0
1543,1396,382,9894,392.7476780283866,0,0,54,382,11,2110,2109,9894,0,658,1532,577,0.5688503194560715,2108.9999844190097,407.5704015763133,377.7676582336426,53.95584970712662,2108.999997735903,438.33997283826994,377.53220665454865,53.932400703430176,11,0,0,11,0,17730288.58340486,54,0,0,0,0,43,382,outer2leftmirrorback,658,2109,0,2109,2109,old_lr5_best,451,0,94
255,255,0,1241,0.7491125976633254,0,0,0,0,0,256,255,1241,0,237,255,0,0.8959305855441501,254.99999981748013,0.0,136.0791010260582,0.0,255.00000077218616,0.0,135.99572443962097,0.0,0,0,0,0,0,0.0,0,0,0,0,0,0,0,redshirtman,237,255,0,255,255,old_lr5_best,0,0,0
391,253,560,4799,340.21297983839406,2,0,198,560,4,840,839,4799,0,2,347,492,0.26528831819726906,838.9999909817118,0.0,1.14780992269516,0.0,838.9999751150608,0.0,1.1474415063858032,0.0,44,0,0,4,0,13768823.388654303,198,0,0,0,0,154,560,rightbiggreenboy,2,839,2,839,839,old_lr5_best,0,0,0
296,287,71,1966,42.3908141404533,1,0,40,72,1,360,359,1966,0,69,296,63,0.6152633426994935,359.0000125373629,0.0,39.62310039997101,0.0,358.9999934722318,0.0,39.589437901973724,0.0,0,0,0,0,0,9154258.925947819,40,0,1,0,0,40,72,rightboy`shead,69,359,1,359,359,old_lr5_best,0,0,0
1030,1026,9,5670,59.66434117200971,1,0,39,10,1,1096,1052,5285,0,958,1030,22,0.8375316820974414,1052.0000043128343,0.0,550.204482793808,0.0,1051.9999983571768,0.0,549.71750664711,0.0,0,0,0,0,0,35369911.02313845,39,1,1,0,0,5,10,rightholdball1096,958,1095,1,1052,1052,old_lr5_best,0,0,0
504,501,0,2560,22.779891964705712,0,0,7,0,0,506,505,2560,0,493,501,4,0.8871143184582034,504.9999980225274,0.0,283.0724937915802,0.0,505.0000004135865,0.0,282.9504888057709,0.0,3,0,0,0,0,4728922.369220402,7,0,0,0,0,4,0,rightredboy,493,505,0,505,505,old_lr5_best,0,0,0
851,841,67,4647,58.24407732792605,0,0,55,67,1,948,947,4647,0,576,850,97,0.7399074789010622,946.9999934316123,0.0,330.5979742407799,0.0,947.000001958158,0.0,330.4456041455269,0.0,1,0,0,1,0,8780528.822479246,55,0,0,0,0,54,67,rightshiningmirror,576,947,0,947,947,old_lr5_best,0,0,0
1467,1435,155,7980,155.75334723386848,0,0,2,155,1,1602,1601,7980,0,1568,1467,134,0.7769705074524773,1601.0000062816234,141.13250425751679,900.3190222978592,87.84764540195465,1600.999997048299,154.0039911981445,899.771646976471,87.79540753364563,0,0,0,1,0,337552.9327814353,2,0,0,0,0,2,155,righttallnine-gai,1568,1601,0,1601,1601,old_lr5_best,156,0,153
272,272,0,1353,1.932555495761294,0,0,0,0,0,273,272,1353,0,272,272,0,0.8389378705851547,272.0000004721726,0.0,156.13797169923782,0.0,272.0000010881703,0.0,156.06760066747665,0.0,0,0,0,0,0,0.0,0,0,0,0,0,0,0,rightwhite_1227,272,272,0,272,272,old_lr5_best,0,0,0
408,402,7,2047,9.097258228142028,0,0,11,7,2,412,411,2047,0,342,406,5,0.8379406136259182,411.0000016056309,0.0,196.42964601516724,0.0,410.99999911300654,0.0,196.23676377534866,0.0,2,0,0,2,0,1631933.649987042,11,0,0,0,0,9,7,stripeman,342,411,0,411,411,old_lr5_best,0,0,0
233,222,25,1313,32.1112137169724,1,0,20,24,2,260,259,1313,0,43,231,28,0.6840266205597645,258.99999868259044,0.0,24.68990558385849,0.0,258.99999913390945,0.0,24.669104397296906,0.0,2,0,0,2,0,1155728.9499447378,20,0,0,1,1,18,24,stubesideswhitecar,43,259,1,259,259,old_lr5_best,0,0,0
400,395,15,1935,18.538033653959133,1,0,6,14,2,443,442,1935,0,109,400,42,0.732737547268559,442.00000913782134,0.0,62.58412444591522,0.0,442.0000028928732,0.0,62.5378497838974,0.0,0,0,0,2,0,746465.4710214853,6,0,0,1,1,6,14,suitcase,109,442,1,442,442,old_lr5_best,0,0,0
116,116,0,548,1.206113462621392,0,0,0,0,0,117,116,548,0,110,116,0,0.8363580309761753,115.99999962169443,0.0,63.15663427114487,0.0,116.00000006470249,0.0,63.10827958583832,0.0,0,0,0,0,0,0.0,0,0,0,0,0,0,0,take-out-motocoming,110,116,0,116,116,old_lr5_best,0,0,0
306,306,0,1497,6.421389919151113,0,0,5,0,0,307,306,1497,0,287,306,0,0.8424263542488526,305.99999909800033,0.0,164.82918924093246,0.0,306.00000059230445,0.0,164.65325778722763,0.0,0,0,0,0,0,214632.80802184422,5,0,0,0,0,5,0,tallboyblack,287,306,0,306,306,old_lr5_best,0,0,0
148,148,1,714,1.5386429630788214,0,0,0,1,0,150,149,714,0,100,148,1,0.8311820627832671,148.99999880453663,0.0,57.42705011367798,0.0,149.00000066846235,0.0,57.3730103969574,0.0,0,0,0,0,0,0.0,0,0,0,0,0,0,1,turnblkbike,100,149,0,149,149,old_lr5_best,0,0,0
192,192,0,821,1.3687664645052846,0,0,0,0,0,193,192,821,0,93,192,0,0.8352130423723535,192.00000012493433,0.0,53.387612104415894,0.0,192.00000077159578,0.0,53.364108979701996,0.0,0,0,0,0,0,0.0,0,0,0,0,0,0,0,unbrellainbike,93,192,0,192,192,old_lr5_best,0,0,0
229,229,7,1233,5.040691097222629,0,0,11,7,1,251,250,1233,0,129,229,21,0.7320904238751286,250.00000147496232,0.0,74.05255299806595,0.0,250.00000141275666,0.0,74.01248514652252,0.0,0,0,0,1,0,2827464.390931622,11,0,0,0,0,11,7,waiterontheothersideofwindow,129,250,0,250,250,old_lr5_best,0,0,0
919,919,170,5674,20.07311127523233,0,0,94,170,1,1117,1116,5674,0,574,919,197,0.6958519685323401,1115.9999983883274,0.0,329.6055051088333,0.0,1115.9999951824045,0.0,329.3146541714668,0.0,0,0,0,1,0,15726201.444674507,94,0,0,0,0,94,170,whiteaftertrees,574,1116,0,1116,1116,old_lr5_best,0,0,0
166,166,1,751,2.8486561781952737,0,0,1,1,0,169,168,751,0,84,166,2,0.8217108404463891,168.00000056243317,0.0,48.245475709438324,0.0,167.9999997046642,0.0,48.20069634914398,0.0,0,0,0,0,0,332688.5501933463,1,0,0,0,0,1,1,whiteatright,84,168,0,168,168,old_lr5_best,0,0,0
101,101,0,494,1.436936493179145,0,0,0,0,0,102,101,494,0,96,101,0,0.7898482653691828,100.99999828360208,0.0,55.13364666700363,0.0,100.99999979477799,0.0,55.08051282167435,0.0,0,0,0,0,0,0.0,0,0,0,0,0,0,0,whiteblcakwoman,96,101,0,101,101,old_lr5_best,0,0,0
84,84,0,414,0.20617835867027137,0,0,0,0,0,85,84,414,0,84,84,0,0.9154633034443235,84.00000012511775,0.0,48.25330871343613,0.0,84.00000044420558,0.0,48.194970190525055,0.0,0,0,0,0,0,0.0,0,0,0,0,0,0,0,whitecarafterbike,84,84,0,84,84,old_lr5_best,0,0,0
112,112,0,560,2.2861571235360607,0,0,0,0,0,113,112,560,0,112,112,0,0.915594837694539,111.99999997435451,0.0,64.34838509559631,0.0,112.00000103822713,0.0,64.2736988067627,0.0,0,0,0,0,0,0.0,0,0,0,0,0,0,0,whitecarcome,112,112,0,112,112,old_lr5_best,0,0,0
149,149,0,745,1.934978372611672,0,0,0,0,0,150,149,745,0,149,149,0,0.9253347939048521,148.99999971553873,0.0,85.58598458766937,0.0,148.99999904281322,0.0,85.4874182343483,0.0,0,0,0,0,0,0.0,0,0,0,0,0,0,0,whitecarcoming,149,149,0,149,149,old_lr5_best,0,0,0
347,347,0,1627,2.286930579472041,0,0,0,0,0,348,347,1627,0,316,347,0,0.8910893902382916,346.9999985628379,0.0,181.4555172920227,0.0,346.99999933648445,0.0,181.30951488018036,0.0,0,0,0,0,0,0.0,0,0,0,0,0,0,0,whitemancome,316,347,0,347,347,old_lr5_best,0,0,0
110,110,0,439,0.7190990426105222,0,0,0,0,0,111,110,439,0,43,110,0,0.8393328306801819,109.99999915872978,0.0,24.69722056388855,0.0,110.00000006355484,0.0,24.66968584060669,0.0,0,0,0,0,0,0.0,0,0,0,0,0,0,0,womanongrass,43,110,0,110,110,old_lr5_best,0,0,0
126,126,0,627,4.875190846389846,0,0,1,0,0,143,142,627,0,58,126,16,0.7186439464810761,141.9999990774129,0.0,33.28817105293274,0.0,141.99999983429342,0.0,33.276593029499054,0.0,0,0,0,0,0,115423.10762932523,1,0,0,0,0,1,0,yellowexcesicebook,58,142,0,142,142,old_lr5_best,0,0,0
327,327,0,1583,9.674893023135024,0,0,0,0,0,333,332,1583,0,93,327,5,0.7931903014780743,331.9999945888078,0.0,53.39883655309677,0.0,331.9999999810652,0.0,53.354777812957764,0.0,0,0,0,0,0,0.0,0,0,0,0,0,0,0,10rightblackboy,93,332,0,332,332,aggregate_lr5_best,0,0,0
223,223,0,1106,1.8045675489556825,0,0,0,0,0,224,223,1106,0,207,223,0,0.8600760023328342,223.00000025709542,0.0,118.85243862867355,0.0,222.99999927261894,0.0,118.78779047727585,0.0,0,0,0,0,0,0.0,0,0,0,0,0,0,0,1boygo,207,223,0,223,223,aggregate_lr5_best,0,0,0
130,130,0,644,4.347797018319033,0,0,6,0,0,138,137,644,0,0,130,7,0.7036440453402357,137.0,0.0,0.0,0.0,137.0,0.0,0.0,0.0,0,0,0,0,0,351781.590566178,6,0,0,0,0,6,0,2girlgoleft,0,137,0,137,137,aggregate_lr5_best,0,0,0
121,121,0,519,1.7269003278644481,0,0,1,0,0,122,121,519,0,19,121,0,0.8340247564828952,120.99999972521063,0.0,10.90558123588562,0.0,121.00000285651602,0.0,10.900043964385986,0.0,0,0,0,0,0,79032.30011358806,1,0,0,0,0,1,0,2outdark,19,121,0,121,121,aggregate_lr5_best,0,0,0
134,134,0,654,2.835532425827016,0,0,0,0,0,135,134,654,0,134,134,0,0.8680172148835827,134.0000004323007,0.0,76.93780487775803,0.0,133.99999943933494,0.0,76.89596074819565,0.0,0,0,0,0,0,0.0,0,0,0,0,0,0,0,2rdtribike,134,134,0,134,134,aggregate_lr5_best,0,0,0
166,92,299,3005,148.8942076270908,3,0,200,299,2,449,448,3005,0,0,119,329,0.19097255547081074,448.0,0.0,0.0,0.0,448.0,0.0,0.0,0.0,47,0,0,1,0,14362715.479261326,200,0,1,1,1,153,299,3whitemen,0,448,3,448,448,aggregate_lr5_best,0,0,0
191,191,0,951,2.2150969609134186,0,0,0,0,0,192,191,951,0,14,191,0,0.8313198371197112,191.00000430518332,0.0,8.03539103269577,0.0,190.99999906772018,0.0,8.031842589378357,0.0,0,0,0,0,0,0.0,0,0,0,0,0,0,0,4one,14,191,0,191,191,aggregate_lr5_best,0,0,0
183,183,0,914,1.8354688248114006,0,0,0,0,0,184,183,914,0,113,183,0,0.8385853546538425,182.99999937502778,0.0,64.86701846122742,0.0,183.00000094236012,0.0,64.82944750785828,0.0,0,0,0,0,0,0.0,0,0,0,0,0,0,0,4two,113,183,0,183,183,aggregate_lr5_best,0,0,0
122,115,8,611,10.16308651592863,1,0,7,7,1,124,123,611,0,98,121,2,0.7288050113317163,123.00000034585638,0.0,56.278665006160736,0.0,122.999999992104,0.0,56.23377513885498,0.0,1,0,0,1,0,4223003.551738154,7,0,0,1,1,6,7,9whitegirl,98,123,1,123,123,aggregate_lr5_best,0,0,0
772,725,228,4884,179.69502806416057,5,0,44,227,4,986,985,4884,1,238,767,218,0.5783755717422544,985.0000040701427,206.04006273843325,136.69415152072906,44.223118007183075,985.0000033283692,113.99615336091016,136.54731738567352,44.17858046293259,5,1,1,4,1,4580291.249848558,44,0,1,3,1,39,227,Aboydownbike,238,985,5,985,985,aggregate_lr5_best,252,1,77
7406,7177,533,43635,750.4929809051334,19,0,1315,533,40,8406,8393,43550,0,718,7255,1138,0.6940879599200994,8393.00000972241,0.0,412.03020066022873,0.0,8392.999989225225,0.0,411.94851142168045,0.0,151,0,0,40,1,630763809.0470223,1315,3,10,9,5,1157,533,ab_bolster,718,8405,19,8393,8393,aggregate_lr5_best,0,0,0
166,163,2,859,3.858953292842492,1,0,7,1,0,172,168,829,0,96,166,2,0.827653129800668,168.0000009701391,0.0,55.13541388511658,0.0,168.00000070402356,0.0,55.08146917819977,0.0,0,0,0,0,0,249873.7839458672,7,0,0,1,1,4,1,ab_motocometurn,96,171,1,168,168,aggregate_lr5_best,0,0,0
58,51,3,379,5.84195688701415,0,0,12,3,1,65,64,379,0,49,51,13,0.7366534561973914,63.999999655607596,0.0,28.140394151210785,0.0,64.0000012669211,0.0,28.114199936389923,0.0,7,0,0,1,0,938840.8008570066,12,0,0,0,0,5,3,ab_mototurn,49,64,0,64,64,aggregate_lr5_best,0,0,0
4457,3336,2651,30500,2323.8241116445843,2,0,145,2650,49,6981,6980,30500,0,2686,4431,2549,0.44030946099574664,6979.999947803733,2810.1889059061064,1541.478991508484,755.2619815468788,6980.000021308482,3413.6013389769337,1541.281698346138,755.1634607315063,26,0,0,49,0,59706724.78822793,145,0,0,1,0,119,2650,ab_rightcupcoming_infwhite_quezhen,2686,6980,2,6980,6980,aggregate_lr5_best,3352,0,1316
226,226,0,1088,2.860579666444301,0,0,0,0,0,227,226,1088,0,226,226,0,0.8147495766241794,225.99999840370688,0.0,129.83833664655685,0.0,226.00000154180515,0.0,129.74368059635162,0.0,0,0,0,0,0,0.0,0,0,0,0,0,0,0,abeauty_1202,226,226,0,226,226,aggregate_lr5_best,0,0,0
158,158,0,790,0.3439365745576996,0,0,0,0,0,159,158,790,0,158,158,0,0.918821354944955,158.00000161053828,0.0,90.68769407272339,0.0,158.0000004564878,0.0,90.70261245965958,0.0,0,0,0,0,0,0.0,0,0,0,0,0,0,0,aboy_1202,158,158,0,158,158,aggregate_lr5_best,0,0,0
272,272,0,1317,1.3858196712585409,0,0,0,0,0,273,272,1317,0,263,272,0,0.9099240404249361,271.9999998764689,0.0,150.94391292333603,0.0,271.99999831629196,0.0,150.94809484481812,0.0,0,0,0,0,0,0.0,0,0,0,0,0,0,0,agirl_1202,263,272,0,272,272,aggregate_lr5_best,0,0,0
882,882,0,4400,3.8362375250413514,0,0,0,0,0,883,882,4400,0,777,882,0,0.8669657949462239,881.9999986961301,0.0,446.044817507267,0.0,881.9999996277088,0.0,445.8208413720131,0.0,0,0,0,0,0,0.0,0,0,0,0,0,0,0,ajiandan_blkdog,777,882,0,882,882,aggregate_lr5_best,0,0,0
138,123,45,909,14.831355225904229,15,0,26,31,1,175,174,909,0,12,131,43,0.6332864523799399,174.0000015713853,0.0,6.887058913707733,0.0,173.9999993944029,0.0,6.884172558784485,0.0,7,0,0,0,6,330723.07584483596,26,0,0,15,11,19,31,basketball,12,174,15,174,174,aggregate_lr5_best,0,0,0
67,63,23,636,23.400049237730226,1,0,33,22,1,110,109,636,0,0,66,43,0.4897670362794431,109.0,0.0,0.0,0.0,109.0,0.0,0.0,0.0,1,0,0,0,0,4840285.348301819,33,0,0,1,0,32,22,basketballshooting,0,109,1,109,109,aggregate_lr5_best,0,0,0
148,148,0,728,1.2646633483204366,0,0,1,0,0,150,149,728,0,102,148,1,0.8500433985975272,149.0000016236763,0.0,58.56565886735916,0.0,148.99999991484725,0.0,58.52635967731476,0.0,0,0,0,0,0,19397.85185248858,1,0,0,0,0,1,0,bike150,102,149,0,149,149,aggregate_lr5_best,0,0,0
268,268,9,1599,6.529665285207907,0,0,28,9,1,314,313,1599,0,48,268,45,0.6516755912348475,313.0000000859323,0.0,27.575207114219666,0.0,313.00000005560895,0.0,27.53929579257965,0.0,0,0,0,1,0,1372238.4548375523,28,0,0,0,0,28,9,bikecoming,48,313,0,313,313,aggregate_lr5_best,0,0,0
225,224,2,1203,7.8662926921132055,0,0,6,2,0,256,255,1203,0,114,224,31,0.7245245824745925,254.99999998456056,0.0,65.48246103525162,0.0,255.00000232435224,0.0,65.40842008590698,0.0,1,0,0,0,0,1308625.4144756189,6,0,0,0,0,5,2,blackboy256,114,255,0,255,255,aggregate_lr5_best,0,0,0
289,289,3,1537,7.217208946503565,0,0,4,3,0,316,315,1537,0,184,289,26,0.7580513601890777,315.00000160833724,0.0,105.64531111717224,0.0,314.9999970833891,0.0,105.5782201886177,0.0,0,0,0,0,0,1953805.3547625472,4,0,0,0,0,4,3,blackman_0115,184,315,0,315,315,aggregate_lr5_best,0,0,0
111,111,0,555,0.7698931780971946,0,0,0,0,0,112,111,555,0,108,111,0,0.8570360375886568,111.00000085844142,0.0,62.007848381996155,0.0,111.00000041061166,0.0,61.96292459964752,0.0,0,0,0,0,0,0.0,0,0,0,0,0,0,0,blkbikecomes,108,111,0,111,111,aggregate_lr5_best,0,0,0
325,325,0,1640,1.6514868318583797,0,0,0,0,0,329,328,1640,0,289,325,3,0.8836935746415805,328.0000001207409,0.0,165.91903442144394,0.0,328.00000068268264,0.0,165.855815410614,0.0,0,0,0,0,0,0.0,0,0,0,0,0,0,0,blkboy,289,328,0,328,328,aggregate_lr5_best,0,0,0
180,180,0,877,1.8036160186357137,0,0,0,0,0,181,180,877,0,165,180,0,0.892418396251467,180.00000040460586,0.0,94.7158835530281,0.0,179.99999967216488,0.0,94.69534176588058,0.0,0,0,0,0,0,0.0,0,0,0,0,0,0,0,blkboywithbluebag,165,180,0,180,180,aggregate_lr5_best,0,0,0
432,432,3,2180,14.444355301375245,0,0,8,3,0,451,450,2180,0,175,432,18,0.7811984311977587,450.00000251525097,0.5178549430423339,100.47751700878143,0.574368953704834,449.99999935672736,1.2864835204115466,100.39911848306656,0.5736806988716125,0,0,0,0,0,213583.2312397948,8,0,0,0,0,8,3,blkboywithumbrella,175,450,0,450,450,aggregate_lr5_best,2,0,1
390,390,0,1952,1.1266891836682316,0,0,0,0,0,392,391,1952,0,389,390,1,0.8815931292254288,391.0000007152394,0.0,223.39817762374878,0.0,391.0000003054627,0.0,223.17885035276413,0.0,0,0,0,0,0,0.0,0,0,0,0,0,0,0,blkcarfollowingwhite,389,391,0,391,391,aggregate_lr5_best,0,0,0
227,227,0,1063,1.4577937682420496,0,0,0,0,0,228,227,1063,0,145,227,0,0.8523028141446048,226.99999981843155,0.0,83.26698988676071,0.0,226.9999995699158,0.0,83.18994581699371,0.0,0,0,0,0,0,0.0,0,0,0,0,0,0,0,blueboybike,145,227,0,227,227,aggregate_lr5_best,0,0,0
454,454,0,2290,4.43225704001774,0,0,0,0,0,459,458,2290,0,458,454,4,0.90118191708849,458.0000022012475,0.0,263.01452243328094,0.0,457.9999993155192,0.0,262.79620414972305,0.0,0,0,0,0,0,0.0,0,0,0,0,0,0,0,bluelittletruck,458,458,0,458,458,aggregate_lr5_best,0,0,0
226,201,27,1437,47.026910667388236,1,0,56,26,3,247,246,1437,0,65,219,27,0.6343917619093358,245.99999812674554,0.0,37.314023554325104,0.0,245.99999862653794,0.0,37.29904192686081,0.0,7,0,0,3,0,11562077.768476149,56,0,0,1,1,49,26,boybackpack,65,246,1,246,246,aggregate_lr5_best,0,0,0
157,123,186,2052,109.44874100550848,2,0,105,186,4,318,317,2052,0,0,148,169,0.3101155465361079,317.0,0.0,0.0,0.0,317.0,0.0,0.0,0.0,9,0,0,3,0,5245780.628836976,105,0,0,0,0,96,186,boybesidescarwithouthat,0,317,2,317,317,aggregate_lr5_best,0,0,0
215,213,48,1613,28.59441757139004,0,0,48,48,1,282,281,1613,0,63,213,68,0.5798100316409535,281.0000004662261,0.0,36.18556898832321,0.0,280.9999987916062,0.0,36.156003534793854,0.0,2,0,0,0,0,24400360.8178802,48,0,0,0,0,46,48,boyfollowing,63,281,0,281,281,aggregate_lr5_best,0,0,0
756,756,0,3631,2.0911007886393334,0,0,0,0,0,757,756,3631,0,678,756,0,0.8985838489051734,755.9999989366246,0.0,389.2771208882332,0.0,756.0000027265477,0.0,389.0663070678711,0.0,0,0,0,0,0,0.0,0,0,0,0,0,0,0,boyinsnowfield4,678,756,0,756,756,aggregate_lr5_best,0,0,0
378,378,0,1805,3.3114055908502795,0,0,2,0,0,382,381,1805,0,337,378,3,0.8501756148257572,381.0000003194014,0.0,193.54693585634232,0.0,381.00000071767704,0.0,193.35336297750473,0.0,0,0,0,0,0,148447.50363202876,2,0,0,0,0,2,0,boyleave,337,381,0,381,381,aggregate_lr5_best,0,0,0
81,81,0,367,1.4672301654184088,0,0,0,0,0,83,82,367,0,21,81,1,0.7371686816208017,81.99999949124958,0.0,12.05726969242096,0.0,81.99999994051839,0.0,12.047914206981659,0.0,0,0,0,0,0,0.0,0,0,0,0,0,0,0,boyouttrees,21,82,0,82,82,aggregate_lr5_best,0,0,0
381,376,2,1953,8.05266293241575,0,0,8,2,0,386,385,1953,0,295,377,8,0.8182537991794323,384.99999968158335,0.0,169.38980984687805,0.0,384.99999834293664,0.0,169.28870749473572,0.0,4,0,0,0,0,3404545.016814748,8,0,0,0,0,4,2,boyrightrubbish,295,385,0,385,385,aggregate_lr5_best,0,0,0
158,156,3,783,3.9877719098511624,0,0,3,3,0,161,158,778,0,90,158,1,0.779893603002138,158.00256262685966,0.0,51.67914056777954,0.0,158.00155702248864,0.0,51.63682746887207,0.0,0,0,0,0,0,194613.07954710218,3,0,0,0,0,3,3,boysback,91,160,0,159,159,aggregate_lr5_best,0,0,0
87,87,0,423,0.5206039021179891,0,0,0,0,0,88,87,423,0,80,87,0,0.851372253059251,87.00000037136023,0.0,45.9361886382103,0.0,87.00000000100881,0.0,45.89705330133438,0.0,0,0,0,0,0,0.0,0,0,0,0,0,0,0,boysitbike,80,87,0,87,87,aggregate_lr5_best,0,0,0
351,344,14,2335,23.144964949520585,0,0,65,14,1,441,440,2335,0,39,345,95,0.6619545594251783,439.999993056245,0.0,22.3826003074646,0.0,439.99999959686323,0.0,22.373367130756378,0.0,6,0,0,1,0,8443296.293487405,65,0,0,0,0,59,14,boysumbrella,39,440,0,440,440,aggregate_lr5_best,0,0,0
237,231,525,3888,38.211411720764744,4,0,181,523,4,809,808,3888,0,101,237,571,0.2532900283904636,808.0000196674777,0.0,57.99268066883087,0.0,808.0000258103865,0.0,57.94463312625885,0.0,0,0,0,3,0,52769000.46466765,182,0,1,2,1,181,523,boytakepath,101,808,4,808,808,aggregate_lr5_best,0,0,0
391,391,0,1939,3.1206643415435487,0,0,0,0,0,392,391,1939,0,391,391,0,0.8300640130157807,391.0000000397017,0.0,224.6123712658882,0.0,391.00000138044015,0.0,224.35820454359055,0.0,0,0,0,0,0,0.0,0,0,0,0,0,0,0,browncarturn,391,391,0,391,391,aggregate_lr5_best,0,0,0
140,140,0,678,0.18988870023111476,0,0,0,0,0,141,140,678,0,136,140,0,0.8963679419612027,140.0000002715655,0.0,78.09304404258728,0.0,140.00000097679435,0.0,78.03506910800934,0.0,0,0,0,0,0,0.0,0,0,0,0,0,0,0,carcomeonlight2,136,140,0,140,140,aggregate_lr5_best,0,0,0
157,157,0,707,1.7678752598484362,0,0,0,0,0,158,157,707,0,115,157,0,0.8069549458423841,157.00000002803185,0.0,66.02556622028351,0.0,156.9999972854155,0.0,65.97891783714294,0.0,0,0,0,0,0,0.0,0,0,0,0,0,0,0,comebike,115,157,0,157,157,aggregate_lr5_best,0,0,0
777,591,331,4999,327.04640850983014,7,0,73,325,9,930,929,4999,0,0,775,154,0.5195480802003292,929.0,0.0,0.0,0.0,929.0,0.0,0.0,0.0,2,0,0,9,0,68511278.30868424,73,0,0,6,6,71,325,dotat43,0,929,7,929,929,aggregate_lr5_best,0,0,0
52,52,0,260,1.1127374602106646,0,0,0,0,0,53,52,260,0,29,52,0,0.8691859459054541,51.99999951291413,0.0,16.6579270362854,0.0,52.0000001418276,0.0,16.64090746641159,0.0,0,0,0,0,0,0.0,0,0,0,0,0,0,0,downmoto,29,52,0,52,52,aggregate_lr5_best,0,0,0
193,193,0,917,2.7377506900717137,0,0,0,0,0,195,193,912,0,0,193,0,0.8399379213944277,193.0,0.0,0.0,0.0,193.0,0.0,0.0,0.0,0,0,0,0,0,0.0,0,0,0,0,0,0,0,easy_4women,0,194,0,193,193,aggregate_lr5_best,0,0,0
265,265,0,1319,2.1161710843250914,0,0,0,0,0,266,265,1319,0,265,265,0,0.8579091003792199,264.9999993370047,0.0,152.1456498503685,0.0,265.0000017263131,0.0,152.072307407856,0.0,0,0,0,0,0,0.0,0,0,0,0,0,0,0,elector_0115,265,265,0,265,265,aggregate_lr5_best,0,0,0
791,745,140,5331,149.28494727421673,1,0,32,139,7,1161,1160,5331,0,152,788,372,0.5756901533847345,1159.9999720327282,66.9140932293885,87.24482929706573,7.461465954780579,1160.0000078613243,54.997359976142846,87.21053963899612,7.458142280578613,3,0,0,7,0,3823458.5399208847,32,0,0,1,1,29,139,exercisebook,152,1160,1,1160,1160,aggregate_lr5_best,73,0,13
149,148,1,676,1.8160812193113212,1,0,2,0,0,151,150,676,0,32,149,1,0.8345162037964048,150.00000033473458,0.0,18.369265019893646,0.0,150.0000005895071,0.0,18.35930860042572,0.0,0,0,0,0,0,13436.902783559344,2,0,0,1,1,2,0,folddenumbrellainhand,32,150,1,150,150,aggregate_lr5_best,0,0,0
108,108,0,513,1.3305010612471724,0,0,0,0,0,109,108,513,0,97,108,0,0.8323307466873144,108.00000087095249,0.0,55.71016848087311,0.0,107.99999960690147,0.0,55.65169316530228,0.0,0,0,0,0,0,0.0,0,0,0,0,0,0,0,girlbike,97,108,0,108,108,aggregate_lr5_best,0,0,0
286,70,313,1880,361.8218719169216,1,0,5,313,1,388,387,1880,0,345,286,101,0.15711250388597076,387.00000041610167,303.53315300183016,198.06387042999268,156.1466099023819,386.9999983648055,309.541478416697,197.9444369673729,156.06058776378632,0,0,0,0,0,517835.55588378944,5,0,0,0,0,5,313,girlblack,345,387,1,387,387,aggregate_lr5_best,312,0,272
57,55,1,348,5.13244928044581,0,0,11,1,0,67,66,348,0,0,55,11,0.6662605242462556,66.0,0.0,0.0,0.0,66.0,0.0,0.0,0.0,2,0,0,0,0,567442.8908900823,11,0,0,0,0,9,1,girlintrees,0,66,0,66,66,aggregate_lr5_best,0,0,0
289,285,5,1515,10.767479899286883,0,0,15,5,1,307,306,1515,0,236,285,21,0.761182552496252,306.0000016030727,0.0,135.45385360717773,0.0,305.99999729513667,0.0,135.4355663061142,0.0,4,0,0,1,0,7366314.512265402,15,0,0,0,0,11,5,girlwithredhat,236,306,0,306,306,aggregate_lr5_best,0,0,0
176,170,38,1283,16.263969614696972,2,1,31,37,1,244,216,1118,1,177,174,42,0.6687393592707077,216.00000154435102,0.0,101.6394213438034,0.0,216.00000158935657,0.0,101.55585879087448,0.0,2,1,1,1,0,13004711.648435835,31,0,0,1,1,23,37,guardatbike_ab,177,243,1,216,216,aggregate_lr5_best,0,0,0
70,66,44,646,13.39413259472318,0,0,23,44,1,116,115,646,0,50,69,46,0.5151987766942705,115.00000211435358,0.0,28.707114040851593,0.0,114.99999960113607,0.0,28.685609757900238,0.0,1,0,0,0,0,6469931.750464028,23,0,0,0,0,22,44,guardman,50,115,0,115,115,aggregate_lr5_best,0,0,0
1108,1099,407,8893,95.36093651666164,9,0,380,402,12,1611,1610,8893,0,223,1108,502,0.5767244274155193,1610.0000100717853,0.0,127.96717911958694,0.0,1609.9999903706616,0.0,127.94245672225952,0.0,0,0,0,12,0,85678925.43082738,380,0,0,5,4,380,402,leftbasketball,223,1610,9,1610,1610,aggregate_lr5_best,0,0,0
404,404,0,1999,8.951396874634625,0,0,2,0,0,405,404,1999,0,216,404,0,0.8384123397586694,403.99999621500666,0.0,124.03600710630417,0.0,404.00000093778954,0.0,123.9279397726059,0.0,0,0,0,0,0,91359.28734559687,2,0,0,0,0,2,0,leftof2girls,216,404,0,404,404,aggregate_lr5_best,0,0,0
221,220,44,1386,14.539285000711189,1,0,25,45,1,286,285,1386,0,37,221,64,0.6148456079862351,284.99999935280215,0.0,21.256164014339447,0.0,285.0000031751395,0.0,21.227710902690887,0.0,0,0,0,0,0,6357720.215577574,25,0,1,0,0,25,45,lonelyman,37,285,1,285,285,aggregate_lr5_best,0,0,0
150,150,0,741,2.871290497485853,0,0,0,0,0,151,150,741,0,97,150,0,0.7402850068231571,150.00000136300932,0.0,55.6941077709198,0.0,149.9999983802234,0.0,55.653404891490936,0.0,0,0,0,0,0,0.0,0,0,0,0,0,0,0,man,97,150,0,150,150,aggregate_lr5_best,0,0,0
420,410,32,2421,39.345598932860064,0,0,32,32,3,505,504,2421,0,26,413,91,0.6427755210637041,503.9999920607977,0.0,14.930823147296906,0.0,503.9999731723918,0.0,14.919312059879303,0.0,7,0,0,3,0,10690560.897185909,32,0,0,0,0,25,32,man2startmoto,26,504,0,504,504,aggregate_lr5_best,0,0,0
65,64,21,580,4.990314210248734,0,0,21,21,1,100,99,580,0,2,65,34,0.5344976484999193,98.99999849411664,0.0,1.1475929021835327,0.0,98.99999932192763,0.0,1.1473838686943054,0.0,0,0,0,1,0,3293754.1507153893,21,0,0,0,0,21,21,manafetrtrees,2,99,0,99,99,aggregate_lr5_best,0,0,0
202,202,0,976,2.3436828753649146,0,0,0,0,0,204,203,976,0,114,202,1,0.7694537547191134,202.99999783209626,0.0,65.4612010717392,0.0,203.0000003403608,0.0,65.40551263093948,0.0,0,0,0,0,0,0.0,0,0,0,0,0,0,0,meituanbike,114,203,0,203,203,aggregate_lr5_best,0,0,0
297,297,1,1356,8.483469877799319,0,0,3,1,0,309,308,1356,0,113,297,11,0.7149331935232756,308.0000012357211,0.0,64.88581019639969,0.0,307.9999991638051,0.0,64.83173334598541,0.0,0,0,0,0,0,77891.32792387677,3,0,0,0,0,3,1,moto2north2,113,308,0,308,308,aggregate_lr5_best,0,0,0
77,77,0,349,0.22073192287016138,0,0,0,0,0,78,77,349,0,72,77,0,0.9107133650701199,76.99999993386037,0.0,41.34039741754532,0.0,76.99999943104385,0.0,41.31379592418671,0.0,0,0,0,0,0,0.0,0,0,0,0,0,0,0,moto78,72,77,0,77,77,aggregate_lr5_best,0,0,0
125,124,0,697,6.123379663081396,0,0,18,0,0,139,138,697,0,48,124,14,0.727195102902722,138.00000092526489,0.0,27.56255668401718,0.0,137.99999876051587,0.0,27.539118707180023,0.0,1,0,0,0,0,375027.72462683736,18,0,0,0,0,17,0,motobesidescar,48,138,0,138,138,aggregate_lr5_best,0,0,0
114,114,0,533,1.717489390430071,0,0,0,0,0,117,116,533,0,42,114,2,0.7713575990916413,116.00000067091133,0.0,24.12438863515854,0.0,116.00000019007138,0.0,24.09593117237091,0.0,0,0,0,0,0,0.0,0,0,0,0,0,0,0,motocome,42,116,0,116,116,aggregate_lr5_best,0,0,0
90,90,0,433,0.4945836672508271,0,0,0,0,0,91,90,433,0,83,90,0,0.8547807163996908,89.99999996314193,0.0,47.66686487197876,0.0,90.00000013366657,0.0,47.618113815784454,0.0,0,0,0,0,0,0.0,0,0,0,0,0,0,0,motocomenight,83,90,0,90,90,aggregate_lr5_best,0,0,0
88,88,0,431,0.7853455212861928,0,0,0,0,0,89,88,431,0,88,88,0,0.8838905273593011,87.99999975885403,0.0,50.53443032503128,0.0,88.0000000248356,0.0,50.48888599872589,0.0,0,0,0,0,0,0.0,0,0,0,0,0,0,0,motowithgood,88,88,0,88,88,aggregate_lr5_best,0,0,0
109,109,0,514,1.0926046157003846,0,0,0,0,0,110,109,514,0,88,109,0,0.8184952418798863,108.99999913106177,0.0,50.53958439826965,0.0,108.99999954579094,0.0,50.48851656913757,0.0,0,0,0,0,0,0.0,0,0,0,0,0,0,0,nightmototurn,88,109,0,109,109,aggregate_lr5_best,0,0,0
458,454,2,2797,35.072665856111485,0,0,10,2,0,603,602,2797,0,108,458,144,0.6847177373492112,601.9999947540874,0.0,61.99154007434845,0.0,601.9999978711129,0.0,61.972747802734375,0.0,0,0,0,0,0,1958760.608924728,10,0,0,0,0,10,2,openthisexersicebook,108,602,0,602,602,aggregate_lr5_best,0,0,0
1543,1396,382,9894,392.7476780283866,0,0,54,382,11,2110,2109,9894,0,658,1532,577,0.5688503194560715,2108.9999844190097,407.5704015763133,377.7676582336426,53.95584970712662,2108.999997735903,438.33997283826994,377.53220665454865,53.932400703430176,11,0,0,11,0,17730288.58340486,54,0,0,0,0,43,382,outer2leftmirrorback,658,2109,0,2109,2109,aggregate_lr5_best,451,0,94
255,255,0,1241,0.7491125976633254,0,0,0,0,0,256,255,1241,0,237,255,0,0.8959305855441501,254.99999981748013,0.0,136.0791010260582,0.0,255.00000077218616,0.0,135.99572443962097,0.0,0,0,0,0,0,0.0,0,0,0,0,0,0,0,redshirtman,237,255,0,255,255,aggregate_lr5_best,0,0,0
391,253,560,4799,340.21297983839406,2,0,198,560,4,840,839,4799,0,2,347,492,0.26528831819726906,838.9999909817118,0.0,1.14780992269516,0.0,838.9999751150608,0.0,1.1474415063858032,0.0,44,0,0,4,0,13768823.388654303,198,0,0,0,0,154,560,rightbiggreenboy,2,839,2,839,839,aggregate_lr5_best,0,0,0
296,287,71,1966,42.3908141404533,1,0,40,72,1,360,359,1966,0,69,296,63,0.6152633426994935,359.0000125373629,0.0,39.62310039997101,0.0,358.9999934722318,0.0,39.589437901973724,0.0,0,0,0,0,0,9154258.925947819,40,0,1,0,0,40,72,rightboy`shead,69,359,1,359,359,aggregate_lr5_best,0,0,0
1030,1026,9,5670,59.66434117200971,1,0,39,10,1,1096,1052,5285,0,958,1030,22,0.8375316820974414,1052.0000043128343,0.0,550.204482793808,0.0,1051.9999983571768,0.0,549.71750664711,0.0,0,0,0,0,0,35369911.02313845,39,1,1,0,0,5,10,rightholdball1096,958,1095,1,1052,1052,aggregate_lr5_best,0,0,0
504,501,0,2560,22.779891964705712,0,0,7,0,0,506,505,2560,0,493,501,4,0.8871143184582034,504.9999980225274,0.0,283.0724937915802,0.0,505.0000004135865,0.0,282.9504888057709,0.0,3,0,0,0,0,4728922.369220402,7,0,0,0,0,4,0,rightredboy,493,505,0,505,505,aggregate_lr5_best,0,0,0
851,841,67,4647,58.24407732792605,0,0,55,67,1,948,947,4647,0,576,850,97,0.7399074789010622,946.9999934316123,0.0,330.5979742407799,0.0,947.000001958158,0.0,330.4456041455269,0.0,1,0,0,1,0,8780528.822479246,55,0,0,0,0,54,67,rightshiningmirror,576,947,0,947,947,aggregate_lr5_best,0,0,0
1467,1435,155,7980,155.75334723386848,0,0,2,155,1,1602,1601,7980,0,1568,1467,134,0.7769705074524773,1601.0000062816234,141.13250425751679,900.3190222978592,87.84764540195465,1600.999997048299,154.0039911981445,899.771646976471,87.79540753364563,0,0,0,1,0,337552.9327814353,2,0,0,0,0,2,155,righttallnine-gai,1568,1601,0,1601,1601,aggregate_lr5_best,156,0,153
272,272,0,1353,1.932555495761294,0,0,0,0,0,273,272,1353,0,272,272,0,0.8389378705851547,272.0000004721726,0.0,156.13797169923782,0.0,272.0000010881703,0.0,156.06760066747665,0.0,0,0,0,0,0,0.0,0,0,0,0,0,0,0,rightwhite_1227,272,272,0,272,272,aggregate_lr5_best,0,0,0
408,402,7,2047,9.097258228142028,0,0,11,7,2,412,411,2047,0,342,406,5,0.8379406136259182,411.0000016056309,0.0,196.42964601516724,0.0,410.99999911300654,0.0,196.23676377534866,0.0,2,0,0,2,0,1631933.649987042,11,0,0,0,0,9,7,stripeman,342,411,0,411,411,aggregate_lr5_best,0,0,0
233,222,25,1313,32.1112137169724,1,0,20,24,2,260,259,1313,0,43,231,28,0.6840266205597645,258.99999868259044,0.0,24.68990558385849,0.0,258.99999913390945,0.0,24.669104397296906,0.0,2,0,0,2,0,1155728.9499447378,20,0,0,1,1,18,24,stubesideswhitecar,43,259,1,259,259,aggregate_lr5_best,0,0,0
400,395,15,1935,18.538033653959133,1,0,6,14,2,443,442,1935,0,109,400,42,0.732737547268559,442.00000913782134,0.0,62.58412444591522,0.0,442.0000028928732,0.0,62.5378497838974,0.0,0,0,0,2,0,746465.4710214853,6,0,0,1,1,6,14,suitcase,109,442,1,442,442,aggregate_lr5_best,0,0,0
116,116,0,548,1.206113462621392,0,0,0,0,0,117,116,548,0,110,116,0,0.8363580309761753,115.99999962169443,0.0,63.15663427114487,0.0,116.00000006470249,0.0,63.10827958583832,0.0,0,0,0,0,0,0.0,0,0,0,0,0,0,0,take-out-motocoming,110,116,0,116,116,aggregate_lr5_best,0,0,0
306,306,0,1497,6.421389919151113,0,0,5,0,0,307,306,1497,0,287,306,0,0.8424263542488526,305.99999909800033,0.0,164.82918924093246,0.0,306.00000059230445,0.0,164.65325778722763,0.0,0,0,0,0,0,214632.80802184422,5,0,0,0,0,5,0,tallboyblack,287,306,0,306,306,aggregate_lr5_best,0,0,0
148,148,1,714,1.5386429630788214,0,0,0,1,0,150,149,714,0,100,148,1,0.8311820627832671,148.99999880453663,0.0,57.42705011367798,0.0,149.00000066846235,0.0,57.3730103969574,0.0,0,0,0,0,0,0.0,0,0,0,0,0,0,1,turnblkbike,100,149,0,149,149,aggregate_lr5_best,0,0,0
192,192,0,821,1.3687664645052846,0,0,0,0,0,193,192,821,0,93,192,0,0.8352130423723535,192.00000012493433,0.0,53.387612104415894,0.0,192.00000077159578,0.0,53.364108979701996,0.0,0,0,0,0,0,0.0,0,0,0,0,0,0,0,unbrellainbike,93,192,0,192,192,aggregate_lr5_best,0,0,0
229,229,7,1233,5.040691097222629,0,0,11,7,1,251,250,1233,0,129,229,21,0.7320904238751286,250.00000147496232,0.0,74.05255299806595,0.0,250.00000141275666,0.0,74.01248514652252,0.0,0,0,0,1,0,2827464.390931622,11,0,0,0,0,11,7,waiterontheothersideofwindow,129,250,0,250,250,aggregate_lr5_best,0,0,0
919,919,170,5674,20.07311127523233,0,0,94,170,1,1117,1116,5674,0,574,919,197,0.6958519685323401,1115.9999983883274,0.0,329.6055051088333,0.0,1115.9999951824045,0.0,329.3146541714668,0.0,0,0,0,1,0,15726201.444674507,94,0,0,0,0,94,170,whiteaftertrees,574,1116,0,1116,1116,aggregate_lr5_best,0,0,0
166,166,1,751,2.8486561781952737,0,0,1,1,0,169,168,751,0,84,166,2,0.8217108404463891,168.00000056243317,0.0,48.245475709438324,0.0,167.9999997046642,0.0,48.20069634914398,0.0,0,0,0,0,0,332688.5501933463,1,0,0,0,0,1,1,whiteatright,84,168,0,168,168,aggregate_lr5_best,0,0,0
101,101,0,494,1.436936493179145,0,0,0,0,0,102,101,494,0,96,101,0,0.7898482653691828,100.99999828360208,0.0,55.13364666700363,0.0,100.99999979477799,0.0,55.08051282167435,0.0,0,0,0,0,0,0.0,0,0,0,0,0,0,0,whiteblcakwoman,96,101,0,101,101,aggregate_lr5_best,0,0,0
84,84,0,414,0.20617835867027137,0,0,0,0,0,85,84,414,0,84,84,0,0.9154633034443235,84.00000012511775,0.0,48.25330871343613,0.0,84.00000044420558,0.0,48.194970190525055,0.0,0,0,0,0,0,0.0,0,0,0,0,0,0,0,whitecarafterbike,84,84,0,84,84,aggregate_lr5_best,0,0,0
112,112,0,560,2.2861571235360607,0,0,0,0,0,113,112,560,0,112,112,0,0.915594837694539,111.99999997435451,0.0,64.34838509559631,0.0,112.00000103822713,0.0,64.2736988067627,0.0,0,0,0,0,0,0.0,0,0,0,0,0,0,0,whitecarcome,112,112,0,112,112,aggregate_lr5_best,0,0,0
149,149,0,745,1.934978372611672,0,0,0,0,0,150,149,745,0,149,149,0,0.9253347939048521,148.99999971553873,0.0,85.58598458766937,0.0,148.99999904281322,0.0,85.4874182343483,0.0,0,0,0,0,0,0.0,0,0,0,0,0,0,0,whitecarcoming,149,149,0,149,149,aggregate_lr5_best,0,0,0
347,347,0,1627,2.286930579472041,0,0,0,0,0,348,347,1627,0,316,347,0,0.8910893902382916,346.9999985628379,0.0,181.4555172920227,0.0,346.99999933648445,0.0,181.30951488018036,0.0,0,0,0,0,0,0.0,0,0,0,0,0,0,0,whitemancome,316,347,0,347,347,aggregate_lr5_best,0,0,0
110,110,0,439,0.7190990426105222,0,0,0,0,0,111,110,439,0,43,110,0,0.8393328306801819,109.99999915872978,0.0,24.69722056388855,0.0,110.00000006355484,0.0,24.66968584060669,0.0,0,0,0,0,0,0.0,0,0,0,0,0,0,0,womanongrass,43,110,0,110,110,aggregate_lr5_best,0,0,0
126,126,0,627,4.875190846389846,0,0,1,0,0,143,142,627,0,58,126,16,0.7186439464810761,141.9999990774129,0.0,33.28817105293274,0.0,141.99999983429342,0.0,33.276593029499054,0.0,0,0,0,0,0,115423.10762932523,1,0,0,0,0,1,0,yellowexcesicebook,58,142,0,142,142,aggregate_lr5_best,0,0,0
327,327,0,1583,9.674893023135024,0,0,0,0,0,333,332,1583,0,93,327,5,0.7931903014780743,331.9999945888078,0.0,53.39883655309677,0.0,331.9999999810652,0.0,53.354777812957764,0.0,0,0,0,0,0,0.0,0,0,0,0,0,0,0,10rightblackboy,93,332,0,332,332,old_lr3_best,0,0,0
223,223,0,1106,1.8045675489556825,0,0,0,0,0,224,223,1106,0,207,223,0,0.8600760023328342,223.00000025709542,0.0,118.85243862867355,0.0,222.99999927261894,0.0,118.78779047727585,0.0,0,0,0,0,0,0.0,0,0,0,0,0,0,0,1boygo,207,223,0,223,223,old_lr3_best,0,0,0
130,130,0,644,4.347797018319033,0,0,6,0,0,138,137,644,0,0,130,7,0.7036440453402357,137.0,0.0,0.0,0.0,137.0,0.0,0.0,0.0,0,0,0,0,0,351781.590566178,6,0,0,0,0,6,0,2girlgoleft,0,137,0,137,137,old_lr3_best,0,0,0
121,121,0,519,1.7269003278644481,0,0,1,0,0,122,121,519,0,19,121,0,0.8340247564828952,120.99999972521063,0.0,10.90558123588562,0.0,121.00000285651602,0.0,10.900043964385986,0.0,0,0,0,0,0,79032.30011358806,1,0,0,0,0,1,0,2outdark,19,121,0,121,121,old_lr3_best,0,0,0
134,134,0,654,2.835532425827016,0,0,0,0,0,135,134,654,0,134,134,0,0.8680172148835827,134.0000004323007,0.0,76.93780487775803,0.0,133.99999943933494,0.0,76.89596074819565,0.0,0,0,0,0,0,0.0,0,0,0,0,0,0,0,2rdtribike,134,134,0,134,134,old_lr3_best,0,0,0
166,92,299,3005,148.8942076270908,3,0,200,299,2,449,448,3005,0,0,119,329,0.19097255547081074,448.0,0.0,0.0,0.0,448.0,0.0,0.0,0.0,47,0,0,1,0,14362715.479261326,200,0,1,1,1,153,299,3whitemen,0,448,3,448,448,old_lr3_best,0,0,0
191,191,0,951,2.2150969609134186,0,0,0,0,0,192,191,951,0,14,191,0,0.8313198371197112,191.00000430518332,0.0,8.03539103269577,0.0,190.99999906772018,0.0,8.031842589378357,0.0,0,0,0,0,0,0.0,0,0,0,0,0,0,0,4one,14,191,0,191,191,old_lr3_best,0,0,0
183,183,0,914,1.8354688248114006,0,0,0,0,0,184,183,914,0,113,183,0,0.8385853546538425,182.99999937502778,0.0,64.86701846122742,0.0,183.00000094236012,0.0,64.82944750785828,0.0,0,0,0,0,0,0.0,0,0,0,0,0,0,0,4two,113,183,0,183,183,old_lr3_best,0,0,0
122,115,8,611,10.16308651592863,1,0,7,7,1,124,123,611,0,98,121,2,0.7288050113317163,123.00000034585638,0.0,56.278665006160736,0.0,122.999999992104,0.0,56.23377513885498,0.0,1,0,0,1,0,4223003.551738154,7,0,0,1,1,6,7,9whitegirl,98,123,1,123,123,old_lr3_best,0,0,0
772,725,228,4884,179.69502806416057,5,0,44,227,4,986,985,4884,1,238,767,218,0.5783755717422544,985.0000040701427,206.04006273843325,136.69415152072906,44.223118007183075,985.0000033283692,113.99615336091016,136.54731738567352,44.17858046293259,5,1,1,4,1,4580291.249848558,44,0,1,3,1,39,227,Aboydownbike,238,985,5,985,985,old_lr3_best,252,1,77
7406,7177,533,43635,750.4929809051334,19,0,1315,533,40,8406,8393,43550,0,718,7255,1138,0.6940879599200994,8393.00000972241,0.0,412.03020066022873,0.0,8392.999989225225,0.0,411.94851142168045,0.0,151,0,0,40,1,630763809.0470223,1315,3,10,9,5,1157,533,ab_bolster,718,8405,19,8393,8393,old_lr3_best,0,0,0
166,163,2,859,3.858953292842492,1,0,7,1,0,172,168,829,0,96,166,2,0.827653129800668,168.0000009701391,0.0,55.13541388511658,0.0,168.00000070402356,0.0,55.08146917819977,0.0,0,0,0,0,0,249873.7839458672,7,0,0,1,1,4,1,ab_motocometurn,96,171,1,168,168,old_lr3_best,0,0,0
58,51,3,379,5.84195688701415,0,0,12,3,1,65,64,379,0,49,51,13,0.7366534561973914,63.999999655607596,0.0,28.140394151210785,0.0,64.0000012669211,0.0,28.114199936389923,0.0,7,0,0,1,0,938840.8008570066,12,0,0,0,0,5,3,ab_mototurn,49,64,0,64,64,old_lr3_best,0,0,0
4457,3336,2651,30500,2323.8241116445843,2,0,145,2650,49,6981,6980,30500,0,2686,4431,2549,0.44030946099574664,6979.999947803733,2810.1889059061064,1541.478991508484,755.2619815468788,6980.000021308482,3413.6013389769337,1541.281698346138,755.1634607315063,26,0,0,49,0,59706724.78822793,145,0,0,1,0,119,2650,ab_rightcupcoming_infwhite_quezhen,2686,6980,2,6980,6980,old_lr3_best,3352,0,1316
226,226,0,1088,2.860579666444301,0,0,0,0,0,227,226,1088,0,226,226,0,0.8147495766241794,225.99999840370688,0.0,129.83833664655685,0.0,226.00000154180515,0.0,129.74368059635162,0.0,0,0,0,0,0,0.0,0,0,0,0,0,0,0,abeauty_1202,226,226,0,226,226,old_lr3_best,0,0,0
158,158,0,790,0.3439365745576996,0,0,0,0,0,159,158,790,0,158,158,0,0.918821354944955,158.00000161053828,0.0,90.68769407272339,0.0,158.0000004564878,0.0,90.70261245965958,0.0,0,0,0,0,0,0.0,0,0,0,0,0,0,0,aboy_1202,158,158,0,158,158,old_lr3_best,0,0,0
272,272,0,1317,1.3858196712585409,0,0,0,0,0,273,272,1317,0,263,272,0,0.9099240404249361,271.9999998764689,0.0,150.94391292333603,0.0,271.99999831629196,0.0,150.94809484481812,0.0,0,0,0,0,0,0.0,0,0,0,0,0,0,0,agirl_1202,263,272,0,272,272,old_lr3_best,0,0,0
882,882,0,4400,3.8362375250413514,0,0,0,0,0,883,882,4400,0,777,882,0,0.8669657949462239,881.9999986961301,0.0,446.044817507267,0.0,881.9999996277088,0.0,445.8208413720131,0.0,0,0,0,0,0,0.0,0,0,0,0,0,0,0,ajiandan_blkdog,777,882,0,882,882,old_lr3_best,0,0,0
138,123,45,909,14.831355225904229,15,0,26,31,1,175,174,909,0,12,131,43,0.6332864523799399,174.0000015713853,0.0,6.887058913707733,0.0,173.9999993944029,0.0,6.884172558784485,0.0,7,0,0,0,6,330723.07584483596,26,0,0,15,11,19,31,basketball,12,174,15,174,174,old_lr3_best,0,0,0
67,63,23,636,23.400049237730226,1,0,33,22,1,110,109,636,0,0,66,43,0.4897670362794431,109.0,0.0,0.0,0.0,109.0,0.0,0.0,0.0,1,0,0,0,0,4840285.348301819,33,0,0,1,0,32,22,basketballshooting,0,109,1,109,109,old_lr3_best,0,0,0
148,148,0,728,1.2646633483204366,0,0,1,0,0,150,149,728,0,102,148,1,0.8500433985975272,149.0000016236763,0.0,58.56565886735916,0.0,148.99999991484725,0.0,58.52635967731476,0.0,0,0,0,0,0,19397.85185248858,1,0,0,0,0,1,0,bike150,102,149,0,149,149,old_lr3_best,0,0,0
268,268,9,1599,6.529665285207907,0,0,28,9,1,314,313,1599,0,48,268,45,0.6516755912348475,313.0000000859323,0.0,27.575207114219666,0.0,313.00000005560895,0.0,27.53929579257965,0.0,0,0,0,1,0,1372238.4548375523,28,0,0,0,0,28,9,bikecoming,48,313,0,313,313,old_lr3_best,0,0,0
225,224,2,1203,7.8662926921132055,0,0,6,2,0,256,255,1203,0,114,224,31,0.7245245824745925,254.99999998456056,0.0,65.48246103525162,0.0,255.00000232435224,0.0,65.40842008590698,0.0,1,0,0,0,0,1308625.4144756189,6,0,0,0,0,5,2,blackboy256,114,255,0,255,255,old_lr3_best,0,0,0
289,289,3,1537,7.217208946503565,0,0,4,3,0,316,315,1537,0,184,289,26,0.7580513601890777,315.00000160833724,0.0,105.64531111717224,0.0,314.9999970833891,0.0,105.5782201886177,0.0,0,0,0,0,0,1953805.3547625472,4,0,0,0,0,4,3,blackman_0115,184,315,0,315,315,old_lr3_best,0,0,0
111,111,0,555,0.7698931780971946,0,0,0,0,0,112,111,555,0,108,111,0,0.8570360375886568,111.00000085844142,0.0,62.007848381996155,0.0,111.00000041061166,0.0,61.96292459964752,0.0,0,0,0,0,0,0.0,0,0,0,0,0,0,0,blkbikecomes,108,111,0,111,111,old_lr3_best,0,0,0
325,325,0,1640,1.6514868318583797,0,0,0,0,0,329,328,1640,0,289,325,3,0.8836935746415805,328.0000001207409,0.0,165.91903442144394,0.0,328.00000068268264,0.0,165.855815410614,0.0,0,0,0,0,0,0.0,0,0,0,0,0,0,0,blkboy,289,328,0,328,328,old_lr3_best,0,0,0
180,180,0,877,1.8036160186357137,0,0,0,0,0,181,180,877,0,165,180,0,0.892418396251467,180.00000040460586,0.0,94.7158835530281,0.0,179.99999967216488,0.0,94.69534176588058,0.0,0,0,0,0,0,0.0,0,0,0,0,0,0,0,blkboywithbluebag,165,180,0,180,180,old_lr3_best,0,0,0
432,432,3,2180,14.444355301375245,0,0,8,3,0,451,450,2180,0,175,432,18,0.7811984311977587,450.00000251525097,0.5178549430423339,100.47751700878143,0.574368953704834,449.99999935672736,1.2864835204115466,100.39911848306656,0.5736806988716125,0,0,0,0,0,213583.2312397948,8,0,0,0,0,8,3,blkboywithumbrella,175,450,0,450,450,old_lr3_best,2,0,1
390,390,0,1952,1.1266891836682316,0,0,0,0,0,392,391,1952,0,389,390,1,0.8815931292254288,391.0000007152394,0.0,223.39817762374878,0.0,391.0000003054627,0.0,223.17885035276413,0.0,0,0,0,0,0,0.0,0,0,0,0,0,0,0,blkcarfollowingwhite,389,391,0,391,391,old_lr3_best,0,0,0
227,227,0,1063,1.4577937682420496,0,0,0,0,0,228,227,1063,0,145,227,0,0.8523028141446048,226.99999981843155,0.0,83.26698988676071,0.0,226.9999995699158,0.0,83.18994581699371,0.0,0,0,0,0,0,0.0,0,0,0,0,0,0,0,blueboybike,145,227,0,227,227,old_lr3_best,0,0,0
454,454,0,2290,4.43225704001774,0,0,0,0,0,459,458,2290,0,458,454,4,0.90118191708849,458.0000022012475,0.0,263.01452243328094,0.0,457.9999993155192,0.0,262.79620414972305,0.0,0,0,0,0,0,0.0,0,0,0,0,0,0,0,bluelittletruck,458,458,0,458,458,old_lr3_best,0,0,0
226,201,27,1437,47.026910667388236,1,0,56,26,3,247,246,1437,0,65,219,27,0.6343917619093358,245.99999812674554,0.0,37.314023554325104,0.0,245.99999862653794,0.0,37.29904192686081,0.0,7,0,0,3,0,11562077.768476149,56,0,0,1,1,49,26,boybackpack,65,246,1,246,246,old_lr3_best,0,0,0
157,123,186,2052,109.44874100550848,2,0,105,186,4,318,317,2052,0,0,148,169,0.3101155465361079,317.0,0.0,0.0,0.0,317.0,0.0,0.0,0.0,9,0,0,3,0,5245780.628836976,105,0,0,0,0,96,186,boybesidescarwithouthat,0,317,2,317,317,old_lr3_best,0,0,0
215,213,48,1613,28.59441757139004,0,0,48,48,1,282,281,1613,0,63,213,68,0.5798100316409535,281.0000004662261,0.0,36.18556898832321,0.0,280.9999987916062,0.0,36.156003534793854,0.0,2,0,0,0,0,24400360.8178802,48,0,0,0,0,46,48,boyfollowing,63,281,0,281,281,old_lr3_best,0,0,0
756,756,0,3631,2.0911007886393334,0,0,0,0,0,757,756,3631,0,678,756,0,0.8985838489051734,755.9999989366246,0.0,389.2771208882332,0.0,756.0000027265477,0.0,389.0663070678711,0.0,0,0,0,0,0,0.0,0,0,0,0,0,0,0,boyinsnowfield4,678,756,0,756,756,old_lr3_best,0,0,0
378,378,0,1805,3.3114055908502795,0,0,2,0,0,382,381,1805,0,337,378,3,0.8501756148257572,381.0000003194014,0.0,193.54693585634232,0.0,381.00000071767704,0.0,193.35336297750473,0.0,0,0,0,0,0,148447.50363202876,2,0,0,0,0,2,0,boyleave,337,381,0,381,381,old_lr3_best,0,0,0
81,81,0,367,1.4672301654184088,0,0,0,0,0,83,82,367,0,21,81,1,0.7371686816208017,81.99999949124958,0.0,12.05726969242096,0.0,81.99999994051839,0.0,12.047914206981659,0.0,0,0,0,0,0,0.0,0,0,0,0,0,0,0,boyouttrees,21,82,0,82,82,old_lr3_best,0,0,0
381,376,2,1953,8.05266293241575,0,0,8,2,0,386,385,1953,0,295,377,8,0.8182537991794323,384.99999968158335,0.0,169.38980984687805,0.0,384.99999834293664,0.0,169.28870749473572,0.0,4,0,0,0,0,3404545.016814748,8,0,0,0,0,4,2,boyrightrubbish,295,385,0,385,385,old_lr3_best,0,0,0
158,156,3,783,3.9877719098511624,0,0,3,3,0,161,158,778,0,90,158,1,0.779893603002138,158.00256262685966,0.0,51.67914056777954,0.0,158.00155702248864,0.0,51.63682746887207,0.0,0,0,0,0,0,194613.07954710218,3,0,0,0,0,3,3,boysback,91,160,0,159,159,old_lr3_best,0,0,0
87,87,0,423,0.5206039021179891,0,0,0,0,0,88,87,423,0,80,87,0,0.851372253059251,87.00000037136023,0.0,45.9361886382103,0.0,87.00000000100881,0.0,45.89705330133438,0.0,0,0,0,0,0,0.0,0,0,0,0,0,0,0,boysitbike,80,87,0,87,87,old_lr3_best,0,0,0
351,344,14,2335,23.144964949520585,0,0,65,14,1,441,440,2335,0,39,345,95,0.6619545594251783,439.999993056245,0.0,22.3826003074646,0.0,439.99999959686323,0.0,22.373367130756378,0.0,6,0,0,1,0,8443296.293487405,65,0,0,0,0,59,14,boysumbrella,39,440,0,440,440,old_lr3_best,0,0,0
237,231,525,3888,38.211411720764744,4,0,181,523,4,809,808,3888,0,101,237,571,0.2532900283904636,808.0000196674777,0.0,57.99268066883087,0.0,808.0000258103865,0.0,57.94463312625885,0.0,0,0,0,3,0,52769000.46466765,182,0,1,2,1,181,523,boytakepath,101,808,4,808,808,old_lr3_best,0,0,0
391,391,0,1939,3.1206643415435487,0,0,0,0,0,392,391,1939,0,391,391,0,0.8300640130157807,391.0000000397017,0.0,224.6123712658882,0.0,391.00000138044015,0.0,224.35820454359055,0.0,0,0,0,0,0,0.0,0,0,0,0,0,0,0,browncarturn,391,391,0,391,391,old_lr3_best,0,0,0
140,140,0,678,0.18988870023111476,0,0,0,0,0,141,140,678,0,136,140,0,0.8963679419612027,140.0000002715655,0.0,78.09304404258728,0.0,140.00000097679435,0.0,78.03506910800934,0.0,0,0,0,0,0,0.0,0,0,0,0,0,0,0,carcomeonlight2,136,140,0,140,140,old_lr3_best,0,0,0
157,157,0,707,1.7678752598484362,0,0,0,0,0,158,157,707,0,115,157,0,0.8069549458423841,157.00000002803185,0.0,66.02556622028351,0.0,156.9999972854155,0.0,65.97891783714294,0.0,0,0,0,0,0,0.0,0,0,0,0,0,0,0,comebike,115,157,0,157,157,old_lr3_best,0,0,0
777,591,331,4999,327.04640850983014,7,0,73,325,9,930,929,4999,0,0,775,154,0.5195480802003292,929.0,0.0,0.0,0.0,929.0,0.0,0.0,0.0,2,0,0,9,0,68511278.30868424,73,0,0,6,6,71,325,dotat43,0,929,7,929,929,old_lr3_best,0,0,0
52,52,0,260,1.1127374602106646,0,0,0,0,0,53,52,260,0,29,52,0,0.8691859459054541,51.99999951291413,0.0,16.6579270362854,0.0,52.0000001418276,0.0,16.64090746641159,0.0,0,0,0,0,0,0.0,0,0,0,0,0,0,0,downmoto,29,52,0,52,52,old_lr3_best,0,0,0
193,193,0,917,2.7377506900717137,0,0,0,0,0,195,193,912,0,0,193,0,0.8399379213944277,193.0,0.0,0.0,0.0,193.0,0.0,0.0,0.0,0,0,0,0,0,0.0,0,0,0,0,0,0,0,easy_4women,0,194,0,193,193,old_lr3_best,0,0,0
265,265,0,1319,2.1161710843250914,0,0,0,0,0,266,265,1319,0,265,265,0,0.8579091003792199,264.9999993370047,0.0,152.1456498503685,0.0,265.0000017263131,0.0,152.072307407856,0.0,0,0,0,0,0,0.0,0,0,0,0,0,0,0,elector_0115,265,265,0,265,265,old_lr3_best,0,0,0
791,745,140,5331,149.28494727421673,1,0,32,139,7,1161,1160,5331,0,152,788,372,0.5756901533847345,1159.9999720327282,66.9140932293885,87.24482929706573,7.461465954780579,1160.0000078613243,54.997359976142846,87.21053963899612,7.458142280578613,3,0,0,7,0,3823458.5399208847,32,0,0,1,1,29,139,exercisebook,152,1160,1,1160,1160,old_lr3_best,73,0,13
149,148,1,676,1.8160812193113212,1,0,2,0,0,151,150,676,0,32,149,1,0.8345162037964048,150.00000033473458,0.0,18.369265019893646,0.0,150.0000005895071,0.0,18.35930860042572,0.0,0,0,0,0,0,13436.902783559344,2,0,0,1,1,2,0,folddenumbrellainhand,32,150,1,150,150,old_lr3_best,0,0,0
108,108,0,513,1.3305010612471724,0,0,0,0,0,109,108,513,0,97,108,0,0.8323307466873144,108.00000087095249,0.0,55.71016848087311,0.0,107.99999960690147,0.0,55.65169316530228,0.0,0,0,0,0,0,0.0,0,0,0,0,0,0,0,girlbike,97,108,0,108,108,old_lr3_best,0,0,0
286,70,313,1880,361.8218719169216,1,0,5,313,1,388,387,1880,0,345,286,101,0.15711250388597076,387.00000041610167,303.53315300183016,198.06387042999268,156.1466099023819,386.9999983648055,309.541478416697,197.9444369673729,156.06058776378632,0,0,0,0,0,517835.55588378944,5,0,0,0,0,5,313,girlblack,345,387,1,387,387,old_lr3_best,312,0,272
57,55,1,348,5.13244928044581,0,0,11,1,0,67,66,348,0,0,55,11,0.6662605242462556,66.0,0.0,0.0,0.0,66.0,0.0,0.0,0.0,2,0,0,0,0,567442.8908900823,11,0,0,0,0,9,1,girlintrees,0,66,0,66,66,old_lr3_best,0,0,0
289,285,5,1515,10.767479899286883,0,0,15,5,1,307,306,1515,0,236,285,21,0.761182552496252,306.0000016030727,0.0,135.45385360717773,0.0,305.99999729513667,0.0,135.4355663061142,0.0,4,0,0,1,0,7366314.512265402,15,0,0,0,0,11,5,girlwithredhat,236,306,0,306,306,old_lr3_best,0,0,0
176,170,38,1283,16.263969614696972,2,1,31,37,1,244,216,1118,1,177,174,42,0.6687393592707077,216.00000154435102,0.0,101.6394213438034,0.0,216.00000158935657,0.0,101.55585879087448,0.0,2,1,1,1,0,13004711.648435835,31,0,0,1,1,23,37,guardatbike_ab,177,243,1,216,216,old_lr3_best,0,0,0
70,66,44,646,13.39413259472318,0,0,23,44,1,116,115,646,0,50,69,46,0.5151987766942705,115.00000211435358,0.0,28.707114040851593,0.0,114.99999960113607,0.0,28.685609757900238,0.0,1,0,0,0,0,6469931.750464028,23,0,0,0,0,22,44,guardman,50,115,0,115,115,old_lr3_best,0,0,0
1108,1099,407,8893,95.36093651666164,9,0,380,402,12,1611,1610,8893,0,223,1108,502,0.5767244274155193,1610.0000100717853,0.0,127.96717911958694,0.0,1609.9999903706616,0.0,127.94245672225952,0.0,0,0,0,12,0,85678925.43082738,380,0,0,5,4,380,402,leftbasketball,223,1610,9,1610,1610,old_lr3_best,0,0,0
404,404,0,1999,8.951396874634625,0,0,2,0,0,405,404,1999,0,216,404,0,0.8384123397586694,403.99999621500666,0.0,124.03600710630417,0.0,404.00000093778954,0.0,123.9279397726059,0.0,0,0,0,0,0,91359.28734559687,2,0,0,0,0,2,0,leftof2girls,216,404,0,404,404,old_lr3_best,0,0,0
221,220,44,1386,14.539285000711189,1,0,25,45,1,286,285,1386,0,37,221,64,0.6148456079862351,284.99999935280215,0.0,21.256164014339447,0.0,285.0000031751395,0.0,21.227710902690887,0.0,0,0,0,0,0,6357720.215577574,25,0,1,0,0,25,45,lonelyman,37,285,1,285,285,old_lr3_best,0,0,0
150,150,0,741,2.871290497485853,0,0,0,0,0,151,150,741,0,97,150,0,0.7402850068231571,150.00000136300932,0.0,55.6941077709198,0.0,149.9999983802234,0.0,55.653404891490936,0.0,0,0,0,0,0,0.0,0,0,0,0,0,0,0,man,97,150,0,150,150,old_lr3_best,0,0,0
420,410,32,2421,39.345598932860064,0,0,32,32,3,505,504,2421,0,26,413,91,0.6427755210637041,503.9999920607977,0.0,14.930823147296906,0.0,503.9999731723918,0.0,14.919312059879303,0.0,7,0,0,3,0,10690560.897185909,32,0,0,0,0,25,32,man2startmoto,26,504,0,504,504,old_lr3_best,0,0,0
65,64,21,580,4.990314210248734,0,0,21,21,1,100,99,580,0,2,65,34,0.5344976484999193,98.99999849411664,0.0,1.1475929021835327,0.0,98.99999932192763,0.0,1.1473838686943054,0.0,0,0,0,1,0,3293754.1507153893,21,0,0,0,0,21,21,manafetrtrees,2,99,0,99,99,old_lr3_best,0,0,0
202,202,0,976,2.3436828753649146,0,0,0,0,0,204,203,976,0,114,202,1,0.7694537547191134,202.99999783209626,0.0,65.4612010717392,0.0,203.0000003403608,0.0,65.40551263093948,0.0,0,0,0,0,0,0.0,0,0,0,0,0,0,0,meituanbike,114,203,0,203,203,old_lr3_best,0,0,0
297,297,1,1356,8.483469877799319,0,0,3,1,0,309,308,1356,0,113,297,11,0.7149331935232756,308.0000012357211,0.0,64.88581019639969,0.0,307.9999991638051,0.0,64.83173334598541,0.0,0,0,0,0,0,77891.32792387677,3,0,0,0,0,3,1,moto2north2,113,308,0,308,308,old_lr3_best,0,0,0
77,77,0,349,0.22073192287016138,0,0,0,0,0,78,77,349,0,72,77,0,0.9107133650701199,76.99999993386037,0.0,41.34039741754532,0.0,76.99999943104385,0.0,41.31379592418671,0.0,0,0,0,0,0,0.0,0,0,0,0,0,0,0,moto78,72,77,0,77,77,old_lr3_best,0,0,0
125,124,0,697,6.123379663081396,0,0,18,0,0,139,138,697,0,48,124,14,0.727195102902722,138.00000092526489,0.0,27.56255668401718,0.0,137.99999876051587,0.0,27.539118707180023,0.0,1,0,0,0,0,375027.72462683736,18,0,0,0,0,17,0,motobesidescar,48,138,0,138,138,old_lr3_best,0,0,0
114,114,0,533,1.717489390430071,0,0,0,0,0,117,116,533,0,42,114,2,0.7713575990916413,116.00000067091133,0.0,24.12438863515854,0.0,116.00000019007138,0.0,24.09593117237091,0.0,0,0,0,0,0,0.0,0,0,0,0,0,0,0,motocome,42,116,0,116,116,old_lr3_best,0,0,0
90,90,0,433,0.4945836672508271,0,0,0,0,0,91,90,433,0,83,90,0,0.8547807163996908,89.99999996314193,0.0,47.66686487197876,0.0,90.00000013366657,0.0,47.618113815784454,0.0,0,0,0,0,0,0.0,0,0,0,0,0,0,0,motocomenight,83,90,0,90,90,old_lr3_best,0,0,0
88,88,0,431,0.7853455212861928,0,0,0,0,0,89,88,431,0,88,88,0,0.8838905273593011,87.99999975885403,0.0,50.53443032503128,0.0,88.0000000248356,0.0,50.48888599872589,0.0,0,0,0,0,0,0.0,0,0,0,0,0,0,0,motowithgood,88,88,0,88,88,old_lr3_best,0,0,0
109,109,0,514,1.0926046157003846,0,0,0,0,0,110,109,514,0,88,109,0,0.8184952418798863,108.99999913106177,0.0,50.53958439826965,0.0,108.99999954579094,0.0,50.48851656913757,0.0,0,0,0,0,0,0.0,0,0,0,0,0,0,0,nightmototurn,88,109,0,109,109,old_lr3_best,0,0,0
458,454,2,2797,35.072665856111485,0,0,10,2,0,603,602,2797,0,108,458,144,0.6847177373492112,601.9999947540874,0.0,61.99154007434845,0.0,601.9999978711129,0.0,61.972747802734375,0.0,0,0,0,0,0,1958760.608924728,10,0,0,0,0,10,2,openthisexersicebook,108,602,0,602,602,old_lr3_best,0,0,0
1543,1396,382,9894,392.7476780283866,0,0,54,382,11,2110,2109,9894,0,658,1532,577,0.5688503194560715,2108.9999844190097,407.5704015763133,377.7676582336426,53.95584970712662,2108.999997735903,438.33997283826994,377.53220665454865,53.932400703430176,11,0,0,11,0,17730288.58340486,54,0,0,0,0,43,382,outer2leftmirrorback,658,2109,0,2109,2109,old_lr3_best,451,0,94
255,255,0,1241,0.7491125976633254,0,0,0,0,0,256,255,1241,0,237,255,0,0.8959305855441501,254.99999981748013,0.0,136.0791010260582,0.0,255.00000077218616,0.0,135.99572443962097,0.0,0,0,0,0,0,0.0,0,0,0,0,0,0,0,redshirtman,237,255,0,255,255,old_lr3_best,0,0,0
391,253,560,4799,340.21297983839406,2,0,198,560,4,840,839,4799,0,2,347,492,0.26528831819726906,838.9999909817118,0.0,1.14780992269516,0.0,838.9999751150608,0.0,1.1474415063858032,0.0,44,0,0,4,0,13768823.388654303,198,0,0,0,0,154,560,rightbiggreenboy,2,839,2,839,839,old_lr3_best,0,0,0
296,287,71,1966,42.3908141404533,1,0,40,72,1,360,359,1966,0,69,296,63,0.6152633426994935,359.0000125373629,0.0,39.62310039997101,0.0,358.9999934722318,0.0,39.589437901973724,0.0,0,0,0,0,0,9154258.925947819,40,0,1,0,0,40,72,rightboy`shead,69,359,1,359,359,old_lr3_best,0,0,0
1030,1026,9,5670,59.66434117200971,1,0,39,10,1,1096,1052,5285,0,958,1030,22,0.8375316820974414,1052.0000043128343,0.0,550.204482793808,0.0,1051.9999983571768,0.0,549.71750664711,0.0,0,0,0,0,0,35369911.02313845,39,1,1,0,0,5,10,rightholdball1096,958,1095,1,1052,1052,old_lr3_best,0,0,0
504,501,0,2560,22.779891964705712,0,0,7,0,0,506,505,2560,0,493,501,4,0.8871143184582034,504.9999980225274,0.0,283.0724937915802,0.0,505.0000004135865,0.0,282.9504888057709,0.0,3,0,0,0,0,4728922.369220402,7,0,0,0,0,4,0,rightredboy,493,505,0,505,505,old_lr3_best,0,0,0
851,841,67,4647,58.24407732792605,0,0,55,67,1,948,947,4647,0,576,850,97,0.7399074789010622,946.9999934316123,0.0,330.5979742407799,0.0,947.000001958158,0.0,330.4456041455269,0.0,1,0,0,1,0,8780528.822479246,55,0,0,0,0,54,67,rightshiningmirror,576,947,0,947,947,old_lr3_best,0,0,0
1467,1435,155,7980,155.75334723386848,0,0,2,155,1,1602,1601,7980,0,1568,1467,134,0.7769705074524773,1601.0000062816234,141.13250425751679,900.3190222978592,87.84764540195465,1600.999997048299,154.0039911981445,899.771646976471,87.79540753364563,0,0,0,1,0,337552.9327814353,2,0,0,0,0,2,155,righttallnine-gai,1568,1601,0,1601,1601,old_lr3_best,156,0,153
272,272,0,1353,1.932555495761294,0,0,0,0,0,273,272,1353,0,272,272,0,0.8389378705851547,272.0000004721726,0.0,156.13797169923782,0.0,272.0000010881703,0.0,156.06760066747665,0.0,0,0,0,0,0,0.0,0,0,0,0,0,0,0,rightwhite_1227,272,272,0,272,272,old_lr3_best,0,0,0
408,402,7,2047,9.097258228142028,0,0,11,7,2,412,411,2047,0,342,406,5,0.8379406136259182,411.0000016056309,0.0,196.42964601516724,0.0,410.99999911300654,0.0,196.23676377534866,0.0,2,0,0,2,0,1631933.649987042,11,0,0,0,0,9,7,stripeman,342,411,0,411,411,old_lr3_best,0,0,0
233,222,25,1313,32.1112137169724,1,0,20,24,2,260,259,1313,0,43,231,28,0.6840266205597645,258.99999868259044,0.0,24.68990558385849,0.0,258.99999913390945,0.0,24.669104397296906,0.0,2,0,0,2,0,1155728.9499447378,20,0,0,1,1,18,24,stubesideswhitecar,43,259,1,259,259,old_lr3_best,0,0,0
400,395,15,1935,18.538033653959133,1,0,6,14,2,443,442,1935,0,109,400,42,0.732737547268559,442.00000913782134,0.0,62.58412444591522,0.0,442.0000028928732,0.0,62.5378497838974,0.0,0,0,0,2,0,746465.4710214853,6,0,0,1,1,6,14,suitcase,109,442,1,442,442,old_lr3_best,0,0,0
116,116,0,548,1.206113462621392,0,0,0,0,0,117,116,548,0,110,116,0,0.8363580309761753,115.99999962169443,0.0,63.15663427114487,0.0,116.00000006470249,0.0,63.10827958583832,0.0,0,0,0,0,0,0.0,0,0,0,0,0,0,0,take-out-motocoming,110,116,0,116,116,old_lr3_best,0,0,0
306,306,0,1497,6.421389919151113,0,0,5,0,0,307,306,1497,0,287,306,0,0.8424263542488526,305.99999909800033,0.0,164.82918924093246,0.0,306.00000059230445,0.0,164.65325778722763,0.0,0,0,0,0,0,214632.80802184422,5,0,0,0,0,5,0,tallboyblack,287,306,0,306,306,old_lr3_best,0,0,0
148,148,1,714,1.5386429630788214,0,0,0,1,0,150,149,714,0,100,148,1,0.8311820627832671,148.99999880453663,0.0,57.42705011367798,0.0,149.00000066846235,0.0,57.3730103969574,0.0,0,0,0,0,0,0.0,0,0,0,0,0,0,1,turnblkbike,100,149,0,149,149,old_lr3_best,0,0,0
192,192,0,821,1.3687664645052846,0,0,0,0,0,193,192,821,0,93,192,0,0.8352130423723535,192.00000012493433,0.0,53.387612104415894,0.0,192.00000077159578,0.0,53.364108979701996,0.0,0,0,0,0,0,0.0,0,0,0,0,0,0,0,unbrellainbike,93,192,0,192,192,old_lr3_best,0,0,0
229,229,7,1233,5.040691097222629,0,0,11,7,1,251,250,1233,0,129,229,21,0.7320904238751286,250.00000147496232,0.0,74.05255299806595,0.0,250.00000141275666,0.0,74.01248514652252,0.0,0,0,0,1,0,2827464.390931622,11,0,0,0,0,11,7,waiterontheothersideofwindow,129,250,0,250,250,old_lr3_best,0,0,0
919,919,170,5674,20.07311127523233,0,0,94,170,1,1117,1116,5674,0,574,919,197,0.6958519685323401,1115.9999983883274,0.0,329.6055051088333,0.0,1115.9999951824045,0.0,329.3146541714668,0.0,0,0,0,1,0,15726201.444674507,94,0,0,0,0,94,170,whiteaftertrees,574,1116,0,1116,1116,old_lr3_best,0,0,0
166,166,1,751,2.8486561781952737,0,0,1,1,0,169,168,751,0,84,166,2,0.8217108404463891,168.00000056243317,0.0,48.245475709438324,0.0,167.9999997046642,0.0,48.20069634914398,0.0,0,0,0,0,0,332688.5501933463,1,0,0,0,0,1,1,whiteatright,84,168,0,168,168,old_lr3_best,0,0,0
101,101,0,494,1.436936493179145,0,0,0,0,0,102,101,494,0,96,101,0,0.7898482653691828,100.99999828360208,0.0,55.13364666700363,0.0,100.99999979477799,0.0,55.08051282167435,0.0,0,0,0,0,0,0.0,0,0,0,0,0,0,0,whiteblcakwoman,96,101,0,101,101,old_lr3_best,0,0,0
84,84,0,414,0.20617835867027137,0,0,0,0,0,85,84,414,0,84,84,0,0.9154633034443235,84.00000012511775,0.0,48.25330871343613,0.0,84.00000044420558,0.0,48.194970190525055,0.0,0,0,0,0,0,0.0,0,0,0,0,0,0,0,whitecarafterbike,84,84,0,84,84,old_lr3_best,0,0,0
112,112,0,560,2.2861571235360607,0,0,0,0,0,113,112,560,0,112,112,0,0.915594837694539,111.99999997435451,0.0,64.34838509559631,0.0,112.00000103822713,0.0,64.2736988067627,0.0,0,0,0,0,0,0.0,0,0,0,0,0,0,0,whitecarcome,112,112,0,112,112,old_lr3_best,0,0,0
149,149,0,745,1.934978372611672,0,0,0,0,0,150,149,745,0,149,149,0,0.9253347939048521,148.99999971553873,0.0,85.58598458766937,0.0,148.99999904281322,0.0,85.4874182343483,0.0,0,0,0,0,0,0.0,0,0,0,0,0,0,0,whitecarcoming,149,149,0,149,149,old_lr3_best,0,0,0
347,347,0,1627,2.286930579472041,0,0,0,0,0,348,347,1627,0,316,347,0,0.8910893902382916,346.9999985628379,0.0,181.4555172920227,0.0,346.99999933648445,0.0,181.30951488018036,0.0,0,0,0,0,0,0.0,0,0,0,0,0,0,0,whitemancome,316,347,0,347,347,old_lr3_best,0,0,0
110,110,0,439,0.7190990426105222,0,0,0,0,0,111,110,439,0,43,110,0,0.8393328306801819,109.99999915872978,0.0,24.69722056388855,0.0,110.00000006355484,0.0,24.66968584060669,0.0,0,0,0,0,0,0.0,0,0,0,0,0,0,0,womanongrass,43,110,0,110,110,old_lr3_best,0,0,0
126,126,0,627,4.875190846389846,0,0,1,0,0,143,142,627,0,58,126,16,0.7186439464810761,141.9999990774129,0.0,33.28817105293274,0.0,141.99999983429342,0.0,33.276593029499054,0.0,0,0,0,0,0,115423.10762932523,1,0,0,0,0,1,0,yellowexcesicebook,58,142,0,142,142,old_lr3_best,0,0,0
327,327,0,1583,9.674893023135024,0,0,0,0,0,333,332,1583,0,93,327,5,0.7931903014780743,331.9999945888078,0.0,53.39883655309677,0.0,331.9999999810652,0.0,53.354777812957764,0.0,0,0,0,0,0,0.0,0,0,0,0,0,0,0,10rightblackboy,93,332,0,332,332,aggregate_lr3_best,0,0,0
223,223,0,1106,1.8045675489556825,0,0,0,0,0,224,223,1106,0,207,223,0,0.8600760023328342,223.00000025709542,0.0,118.85243862867355,0.0,222.99999927261894,0.0,118.78779047727585,0.0,0,0,0,0,0,0.0,0,0,0,0,0,0,0,1boygo,207,223,0,223,223,aggregate_lr3_best,0,0,0
130,130,0,644,4.347797018319033,0,0,6,0,0,138,137,644,0,0,130,7,0.7036440453402357,137.0,0.0,0.0,0.0,137.0,0.0,0.0,0.0,0,0,0,0,0,351781.590566178,6,0,0,0,0,6,0,2girlgoleft,0,137,0,137,137,aggregate_lr3_best,0,0,0
121,121,0,519,1.7269003278644481,0,0,1,0,0,122,121,519,0,19,121,0,0.8340247564828952,120.99999972521063,0.0,10.90558123588562,0.0,121.00000285651602,0.0,10.900043964385986,0.0,0,0,0,0,0,79032.30011358806,1,0,0,0,0,1,0,2outdark,19,121,0,121,121,aggregate_lr3_best,0,0,0
134,134,0,654,2.835532425827016,0,0,0,0,0,135,134,654,0,134,134,0,0.8680172148835827,134.0000004323007,0.0,76.93780487775803,0.0,133.99999943933494,0.0,76.89596074819565,0.0,0,0,0,0,0,0.0,0,0,0,0,0,0,0,2rdtribike,134,134,0,134,134,aggregate_lr3_best,0,0,0
166,92,299,3005,148.8942076270908,3,0,200,299,2,449,448,3005,0,0,119,329,0.19097255547081074,448.0,0.0,0.0,0.0,448.0,0.0,0.0,0.0,47,0,0,1,0,14362715.479261326,200,0,1,1,1,153,299,3whitemen,0,448,3,448,448,aggregate_lr3_best,0,0,0
191,191,0,951,2.2150969609134186,0,0,0,0,0,192,191,951,0,14,191,0,0.8313198371197112,191.00000430518332,0.0,8.03539103269577,0.0,190.99999906772018,0.0,8.031842589378357,0.0,0,0,0,0,0,0.0,0,0,0,0,0,0,0,4one,14,191,0,191,191,aggregate_lr3_best,0,0,0
183,183,0,914,1.8354688248114006,0,0,0,0,0,184,183,914,0,113,183,0,0.8385853546538425,182.99999937502778,0.0,64.86701846122742,0.0,183.00000094236012,0.0,64.82944750785828,0.0,0,0,0,0,0,0.0,0,0,0,0,0,0,0,4two,113,183,0,183,183,aggregate_lr3_best,0,0,0
122,115,8,611,10.16308651592863,1,0,7,7,1,124,123,611,0,98,121,2,0.7288050113317163,123.00000034585638,0.0,56.278665006160736,0.0,122.999999992104,0.0,56.23377513885498,0.0,1,0,0,1,0,4223003.551738154,7,0,0,1,1,6,7,9whitegirl,98,123,1,123,123,aggregate_lr3_best,0,0,0
772,725,228,4884,179.69502806416057,5,0,44,227,4,986,985,4884,1,238,767,218,0.5783755717422544,985.0000040701427,206.04006273843325,136.69415152072906,44.223118007183075,985.0000033283692,113.99615336091016,136.54731738567352,44.17858046293259,5,1,1,4,1,4580291.249848558,44,0,1,3,1,39,227,Aboydownbike,238,985,5,985,985,aggregate_lr3_best,252,1,77
7406,7177,533,43635,750.4929809051334,19,0,1315,533,40,8406,8393,43550,0,718,7255,1138,0.6940879599200994,8393.00000972241,0.0,412.03020066022873,0.0,8392.999989225225,0.0,411.94851142168045,0.0,151,0,0,40,1,630763809.0470223,1315,3,10,9,5,1157,533,ab_bolster,718,8405,19,8393,8393,aggregate_lr3_best,0,0,0
166,163,2,859,3.858953292842492,1,0,7,1,0,172,168,829,0,96,166,2,0.827653129800668,168.0000009701391,0.0,55.13541388511658,0.0,168.00000070402356,0.0,55.08146917819977,0.0,0,0,0,0,0,249873.7839458672,7,0,0,1,1,4,1,ab_motocometurn,96,171,1,168,168,aggregate_lr3_best,0,0,0
58,51,3,379,5.84195688701415,0,0,12,3,1,65,64,379,0,49,51,13,0.7366534561973914,63.999999655607596,0.0,28.140394151210785,0.0,64.0000012669211,0.0,28.114199936389923,0.0,7,0,0,1,0,938840.8008570066,12,0,0,0,0,5,3,ab_mototurn,49,64,0,64,64,aggregate_lr3_best,0,0,0
4457,3336,2651,30500,2323.8241116445843,2,0,145,2650,49,6981,6980,30500,0,2686,4431,2549,0.44030946099574664,6979.999947803733,2810.1889059061064,1541.478991508484,755.2619815468788,6980.000021308482,3413.6013389769337,1541.281698346138,755.1634607315063,26,0,0,49,0,59706724.78822793,145,0,0,1,0,119,2650,ab_rightcupcoming_infwhite_quezhen,2686,6980,2,6980,6980,aggregate_lr3_best,3352,0,1316
226,226,0,1088,2.860579666444301,0,0,0,0,0,227,226,1088,0,226,226,0,0.8147495766241794,225.99999840370688,0.0,129.83833664655685,0.0,226.00000154180515,0.0,129.74368059635162,0.0,0,0,0,0,0,0.0,0,0,0,0,0,0,0,abeauty_1202,226,226,0,226,226,aggregate_lr3_best,0,0,0
158,158,0,790,0.3439365745576996,0,0,0,0,0,159,158,790,0,158,158,0,0.918821354944955,158.00000161053828,0.0,90.68769407272339,0.0,158.0000004564878,0.0,90.70261245965958,0.0,0,0,0,0,0,0.0,0,0,0,0,0,0,0,aboy_1202,158,158,0,158,158,aggregate_lr3_best,0,0,0
272,272,0,1317,1.3858196712585409,0,0,0,0,0,273,272,1317,0,263,272,0,0.9099240404249361,271.9999998764689,0.0,150.94391292333603,0.0,271.99999831629196,0.0,150.94809484481812,0.0,0,0,0,0,0,0.0,0,0,0,0,0,0,0,agirl_1202,263,272,0,272,272,aggregate_lr3_best,0,0,0
882,882,0,4400,3.8362375250413514,0,0,0,0,0,883,882,4400,0,777,882,0,0.8669657949462239,881.9999986961301,0.0,446.044817507267,0.0,881.9999996277088,0.0,445.8208413720131,0.0,0,0,0,0,0,0.0,0,0,0,0,0,0,0,ajiandan_blkdog,777,882,0,882,882,aggregate_lr3_best,0,0,0
138,123,45,909,14.831355225904229,15,0,26,31,1,175,174,909,0,12,131,43,0.6332864523799399,174.0000015713853,0.0,6.887058913707733,0.0,173.9999993944029,0.0,6.884172558784485,0.0,7,0,0,0,6,330723.07584483596,26,0,0,15,11,19,31,basketball,12,174,15,174,174,aggregate_lr3_best,0,0,0
67,63,23,636,23.400049237730226,1,0,33,22,1,110,109,636,0,0,66,43,0.4897670362794431,109.0,0.0,0.0,0.0,109.0,0.0,0.0,0.0,1,0,0,0,0,4840285.348301819,33,0,0,1,0,32,22,basketballshooting,0,109,1,109,109,aggregate_lr3_best,0,0,0
148,148,0,728,1.2646633483204366,0,0,1,0,0,150,149,728,0,102,148,1,0.8500433985975272,149.0000016236763,0.0,58.56565886735916,0.0,148.99999991484725,0.0,58.52635967731476,0.0,0,0,0,0,0,19397.85185248858,1,0,0,0,0,1,0,bike150,102,149,0,149,149,aggregate_lr3_best,0,0,0
268,268,9,1599,6.529665285207907,0,0,28,9,1,314,313,1599,0,48,268,45,0.6516755912348475,313.0000000859323,0.0,27.575207114219666,0.0,313.00000005560895,0.0,27.53929579257965,0.0,0,0,0,1,0,1372238.4548375523,28,0,0,0,0,28,9,bikecoming,48,313,0,313,313,aggregate_lr3_best,0,0,0
225,224,2,1203,7.8662926921132055,0,0,6,2,0,256,255,1203,0,114,224,31,0.7245245824745925,254.99999998456056,0.0,65.48246103525162,0.0,255.00000232435224,0.0,65.40842008590698,0.0,1,0,0,0,0,1308625.4144756189,6,0,0,0,0,5,2,blackboy256,114,255,0,255,255,aggregate_lr3_best,0,0,0
289,289,3,1537,7.217208946503565,0,0,4,3,0,316,315,1537,0,184,289,26,0.7580513601890777,315.00000160833724,0.0,105.64531111717224,0.0,314.9999970833891,0.0,105.5782201886177,0.0,0,0,0,0,0,1953805.3547625472,4,0,0,0,0,4,3,blackman_0115,184,315,0,315,315,aggregate_lr3_best,0,0,0
111,111,0,555,0.7698931780971946,0,0,0,0,0,112,111,555,0,108,111,0,0.8570360375886568,111.00000085844142,0.0,62.007848381996155,0.0,111.00000041061166,0.0,61.96292459964752,0.0,0,0,0,0,0,0.0,0,0,0,0,0,0,0,blkbikecomes,108,111,0,111,111,aggregate_lr3_best,0,0,0
325,325,0,1640,1.6514868318583797,0,0,0,0,0,329,328,1640,0,289,325,3,0.8836935746415805,328.0000001207409,0.0,165.91903442144394,0.0,328.00000068268264,0.0,165.855815410614,0.0,0,0,0,0,0,0.0,0,0,0,0,0,0,0,blkboy,289,328,0,328,328,aggregate_lr3_best,0,0,0
180,180,0,877,1.8036160186357137,0,0,0,0,0,181,180,877,0,165,180,0,0.892418396251467,180.00000040460586,0.0,94.7158835530281,0.0,179.99999967216488,0.0,94.69534176588058,0.0,0,0,0,0,0,0.0,0,0,0,0,0,0,0,blkboywithbluebag,165,180,0,180,180,aggregate_lr3_best,0,0,0
432,432,3,2180,14.444355301375245,0,0,8,3,0,451,450,2180,0,175,432,18,0.7811984311977587,450.00000251525097,0.5178549430423339,100.47751700878143,0.574368953704834,449.99999935672736,1.2864835204115466,100.39911848306656,0.5736806988716125,0,0,0,0,0,213583.2312397948,8,0,0,0,0,8,3,blkboywithumbrella,175,450,0,450,450,aggregate_lr3_best,2,0,1
390,390,0,1952,1.1266891836682316,0,0,0,0,0,392,391,1952,0,389,390,1,0.8815931292254288,391.0000007152394,0.0,223.39817762374878,0.0,391.0000003054627,0.0,223.17885035276413,0.0,0,0,0,0,0,0.0,0,0,0,0,0,0,0,blkcarfollowingwhite,389,391,0,391,391,aggregate_lr3_best,0,0,0
227,227,0,1063,1.4577937682420496,0,0,0,0,0,228,227,1063,0,145,227,0,0.8523028141446048,226.99999981843155,0.0,83.26698988676071,0.0,226.9999995699158,0.0,83.18994581699371,0.0,0,0,0,0,0,0.0,0,0,0,0,0,0,0,blueboybike,145,227,0,227,227,aggregate_lr3_best,0,0,0
454,454,0,2290,4.43225704001774,0,0,0,0,0,459,458,2290,0,458,454,4,0.90118191708849,458.0000022012475,0.0,263.01452243328094,0.0,457.9999993155192,0.0,262.79620414972305,0.0,0,0,0,0,0,0.0,0,0,0,0,0,0,0,bluelittletruck,458,458,0,458,458,aggregate_lr3_best,0,0,0
226,201,27,1437,47.026910667388236,1,0,56,26,3,247,246,1437,0,65,219,27,0.6343917619093358,245.99999812674554,0.0,37.314023554325104,0.0,245.99999862653794,0.0,37.29904192686081,0.0,7,0,0,3,0,11562077.768476149,56,0,0,1,1,49,26,boybackpack,65,246,1,246,246,aggregate_lr3_best,0,0,0
157,123,186,2052,109.44874100550848,2,0,105,186,4,318,317,2052,0,0,148,169,0.3101155465361079,317.0,0.0,0.0,0.0,317.0,0.0,0.0,0.0,9,0,0,3,0,5245780.628836976,105,0,0,0,0,96,186,boybesidescarwithouthat,0,317,2,317,317,aggregate_lr3_best,0,0,0
215,213,48,1613,28.59441757139004,0,0,48,48,1,282,281,1613,0,63,213,68,0.5798100316409535,281.0000004662261,0.0,36.18556898832321,0.0,280.9999987916062,0.0,36.156003534793854,0.0,2,0,0,0,0,24400360.8178802,48,0,0,0,0,46,48,boyfollowing,63,281,0,281,281,aggregate_lr3_best,0,0,0
756,756,0,3631,2.0911007886393334,0,0,0,0,0,757,756,3631,0,678,756,0,0.8985838489051734,755.9999989366246,0.0,389.2771208882332,0.0,756.0000027265477,0.0,389.0663070678711,0.0,0,0,0,0,0,0.0,0,0,0,0,0,0,0,boyinsnowfield4,678,756,0,756,756,aggregate_lr3_best,0,0,0
378,378,0,1805,3.3114055908502795,0,0,2,0,0,382,381,1805,0,337,378,3,0.8501756148257572,381.0000003194014,0.0,193.54693585634232,0.0,381.00000071767704,0.0,193.35336297750473,0.0,0,0,0,0,0,148447.50363202876,2,0,0,0,0,2,0,boyleave,337,381,0,381,381,aggregate_lr3_best,0,0,0
81,81,0,367,1.4672301654184088,0,0,0,0,0,83,82,367,0,21,81,1,0.7371686816208017,81.99999949124958,0.0,12.05726969242096,0.0,81.99999994051839,0.0,12.047914206981659,0.0,0,0,0,0,0,0.0,0,0,0,0,0,0,0,boyouttrees,21,82,0,82,82,aggregate_lr3_best,0,0,0
381,376,2,1953,8.05266293241575,0,0,8,2,0,386,385,1953,0,295,377,8,0.8182537991794323,384.99999968158335,0.0,169.38980984687805,0.0,384.99999834293664,0.0,169.28870749473572,0.0,4,0,0,0,0,3404545.016814748,8,0,0,0,0,4,2,boyrightrubbish,295,385,0,385,385,aggregate_lr3_best,0,0,0
158,156,3,783,3.9877719098511624,0,0,3,3,0,161,158,778,0,90,158,1,0.779893603002138,158.00256262685966,0.0,51.67914056777954,0.0,158.00155702248864,0.0,51.63682746887207,0.0,0,0,0,0,0,194613.07954710218,3,0,0,0,0,3,3,boysback,91,160,0,159,159,aggregate_lr3_best,0,0,0
87,87,0,423,0.5206039021179891,0,0,0,0,0,88,87,423,0,80,87,0,0.851372253059251,87.00000037136023,0.0,45.9361886382103,0.0,87.00000000100881,0.0,45.89705330133438,0.0,0,0,0,0,0,0.0,0,0,0,0,0,0,0,boysitbike,80,87,0,87,87,aggregate_lr3_best,0,0,0
351,344,14,2335,23.144964949520585,0,0,65,14,1,441,440,2335,0,39,345,95,0.6619545594251783,439.999993056245,0.0,22.3826003074646,0.0,439.99999959686323,0.0,22.373367130756378,0.0,6,0,0,1,0,8443296.293487405,65,0,0,0,0,59,14,boysumbrella,39,440,0,440,440,aggregate_lr3_best,0,0,0
237,231,525,3888,38.211411720764744,4,0,181,523,4,809,808,3888,0,101,237,571,0.2532900283904636,808.0000196674777,0.0,57.99268066883087,0.0,808.0000258103865,0.0,57.94463312625885,0.0,0,0,0,3,0,52769000.46466765,182,0,1,2,1,181,523,boytakepath,101,808,4,808,808,aggregate_lr3_best,0,0,0
391,391,0,1939,3.1206643415435487,0,0,0,0,0,392,391,1939,0,391,391,0,0.8300640130157807,391.0000000397017,0.0,224.6123712658882,0.0,391.00000138044015,0.0,224.35820454359055,0.0,0,0,0,0,0,0.0,0,0,0,0,0,0,0,browncarturn,391,391,0,391,391,aggregate_lr3_best,0,0,0
140,140,0,678,0.18988870023111476,0,0,0,0,0,141,140,678,0,136,140,0,0.8963679419612027,140.0000002715655,0.0,78.09304404258728,0.0,140.00000097679435,0.0,78.03506910800934,0.0,0,0,0,0,0,0.0,0,0,0,0,0,0,0,carcomeonlight2,136,140,0,140,140,aggregate_lr3_best,0,0,0
157,157,0,707,1.7678752598484362,0,0,0,0,0,158,157,707,0,115,157,0,0.8069549458423841,157.00000002803185,0.0,66.02556622028351,0.0,156.9999972854155,0.0,65.97891783714294,0.0,0,0,0,0,0,0.0,0,0,0,0,0,0,0,comebike,115,157,0,157,157,aggregate_lr3_best,0,0,0
777,591,331,4999,327.04640850983014,7,0,73,325,9,930,929,4999,0,0,775,154,0.5195480802003292,929.0,0.0,0.0,0.0,929.0,0.0,0.0,0.0,2,0,0,9,0,68511278.30868424,73,0,0,6,6,71,325,dotat43,0,929,7,929,929,aggregate_lr3_best,0,0,0
52,52,0,260,1.1127374602106646,0,0,0,0,0,53,52,260,0,29,52,0,0.8691859459054541,51.99999951291413,0.0,16.6579270362854,0.0,52.0000001418276,0.0,16.64090746641159,0.0,0,0,0,0,0,0.0,0,0,0,0,0,0,0,downmoto,29,52,0,52,52,aggregate_lr3_best,0,0,0
193,193,0,917,2.7377506900717137,0,0,0,0,0,195,193,912,0,0,193,0,0.8399379213944277,193.0,0.0,0.0,0.0,193.0,0.0,0.0,0.0,0,0,0,0,0,0.0,0,0,0,0,0,0,0,easy_4women,0,194,0,193,193,aggregate_lr3_best,0,0,0
265,265,0,1319,2.1161710843250914,0,0,0,0,0,266,265,1319,0,265,265,0,0.8579091003792199,264.9999993370047,0.0,152.1456498503685,0.0,265.0000017263131,0.0,152.072307407856,0.0,0,0,0,0,0,0.0,0,0,0,0,0,0,0,elector_0115,265,265,0,265,265,aggregate_lr3_best,0,0,0
791,745,140,5331,149.28494727421673,1,0,32,139,7,1161,1160,5331,0,152,788,372,0.5756901533847345,1159.9999720327282,66.9140932293885,87.24482929706573,7.461465954780579,1160.0000078613243,54.997359976142846,87.21053963899612,7.458142280578613,3,0,0,7,0,3823458.5399208847,32,0,0,1,1,29,139,exercisebook,152,1160,1,1160,1160,aggregate_lr3_best,73,0,13
149,148,1,676,1.8160812193113212,1,0,2,0,0,151,150,676,0,32,149,1,0.8345162037964048,150.00000033473458,0.0,18.369265019893646,0.0,150.0000005895071,0.0,18.35930860042572,0.0,0,0,0,0,0,13436.902783559344,2,0,0,1,1,2,0,folddenumbrellainhand,32,150,1,150,150,aggregate_lr3_best,0,0,0
108,108,0,513,1.3305010612471724,0,0,0,0,0,109,108,513,0,97,108,0,0.8323307466873144,108.00000087095249,0.0,55.71016848087311,0.0,107.99999960690147,0.0,55.65169316530228,0.0,0,0,0,0,0,0.0,0,0,0,0,0,0,0,girlbike,97,108,0,108,108,aggregate_lr3_best,0,0,0
286,70,313,1880,361.8218719169216,1,0,5,313,1,388,387,1880,0,345,286,101,0.15711250388597076,387.00000041610167,303.53315300183016,198.06387042999268,156.1466099023819,386.9999983648055,309.541478416697,197.9444369673729,156.06058776378632,0,0,0,0,0,517835.55588378944,5,0,0,0,0,5,313,girlblack,345,387,1,387,387,aggregate_lr3_best,312,0,272
57,55,1,348,5.13244928044581,0,0,11,1,0,67,66,348,0,0,55,11,0.6662605242462556,66.0,0.0,0.0,0.0,66.0,0.0,0.0,0.0,2,0,0,0,0,567442.8908900823,11,0,0,0,0,9,1,girlintrees,0,66,0,66,66,aggregate_lr3_best,0,0,0
289,285,5,1515,10.767479899286883,0,0,15,5,1,307,306,1515,0,236,285,21,0.761182552496252,306.0000016030727,0.0,135.45385360717773,0.0,305.99999729513667,0.0,135.4355663061142,0.0,4,0,0,1,0,7366314.512265402,15,0,0,0,0,11,5,girlwithredhat,236,306,0,306,306,aggregate_lr3_best,0,0,0
176,170,38,1283,16.263969614696972,2,1,31,37,1,244,216,1118,1,177,174,42,0.6687393592707077,216.00000154435102,0.0,101.6394213438034,0.0,216.00000158935657,0.0,101.55585879087448,0.0,2,1,1,1,0,13004711.648435835,31,0,0,1,1,23,37,guardatbike_ab,177,243,1,216,216,aggregate_lr3_best,0,0,0
70,66,44,646,13.39413259472318,0,0,23,44,1,116,115,646,0,50,69,46,0.5151987766942705,115.00000211435358,0.0,28.707114040851593,0.0,114.99999960113607,0.0,28.685609757900238,0.0,1,0,0,0,0,6469931.750464028,23,0,0,0,0,22,44,guardman,50,115,0,115,115,aggregate_lr3_best,0,0,0
1108,1099,407,8893,95.36093651666164,9,0,380,402,12,1611,1610,8893,0,223,1108,502,0.5767244274155193,1610.0000100717853,0.0,127.96717911958694,0.0,1609.9999903706616,0.0,127.94245672225952,0.0,0,0,0,12,0,85678925.43082738,380,0,0,5,4,380,402,leftbasketball,223,1610,9,1610,1610,aggregate_lr3_best,0,0,0
404,404,0,1999,8.951396874634625,0,0,2,0,0,405,404,1999,0,216,404,0,0.8384123397586694,403.99999621500666,0.0,124.03600710630417,0.0,404.00000093778954,0.0,123.9279397726059,0.0,0,0,0,0,0,91359.28734559687,2,0,0,0,0,2,0,leftof2girls,216,404,0,404,404,aggregate_lr3_best,0,0,0
221,220,44,1386,14.539285000711189,1,0,25,45,1,286,285,1386,0,37,221,64,0.6148456079862351,284.99999935280215,0.0,21.256164014339447,0.0,285.0000031751395,0.0,21.227710902690887,0.0,0,0,0,0,0,6357720.215577574,25,0,1,0,0,25,45,lonelyman,37,285,1,285,285,aggregate_lr3_best,0,0,0
150,150,0,741,2.871290497485853,0,0,0,0,0,151,150,741,0,97,150,0,0.7402850068231571,150.00000136300932,0.0,55.6941077709198,0.0,149.9999983802234,0.0,55.653404891490936,0.0,0,0,0,0,0,0.0,0,0,0,0,0,0,0,man,97,150,0,150,150,aggregate_lr3_best,0,0,0
420,410,32,2421,39.345598932860064,0,0,32,32,3,505,504,2421,0,26,413,91,0.6427755210637041,503.9999920607977,0.0,14.930823147296906,0.0,503.9999731723918,0.0,14.919312059879303,0.0,7,0,0,3,0,10690560.897185909,32,0,0,0,0,25,32,man2startmoto,26,504,0,504,504,aggregate_lr3_best,0,0,0
65,64,21,580,4.990314210248734,0,0,21,21,1,100,99,580,0,2,65,34,0.5344976484999193,98.99999849411664,0.0,1.1475929021835327,0.0,98.99999932192763,0.0,1.1473838686943054,0.0,0,0,0,1,0,3293754.1507153893,21,0,0,0,0,21,21,manafetrtrees,2,99,0,99,99,aggregate_lr3_best,0,0,0
202,202,0,976,2.3436828753649146,0,0,0,0,0,204,203,976,0,114,202,1,0.7694537547191134,202.99999783209626,0.0,65.4612010717392,0.0,203.0000003403608,0.0,65.40551263093948,0.0,0,0,0,0,0,0.0,0,0,0,0,0,0,0,meituanbike,114,203,0,203,203,aggregate_lr3_best,0,0,0
297,297,1,1356,8.483469877799319,0,0,3,1,0,309,308,1356,0,113,297,11,0.7149331935232756,308.0000012357211,0.0,64.88581019639969,0.0,307.9999991638051,0.0,64.83173334598541,0.0,0,0,0,0,0,77891.32792387677,3,0,0,0,0,3,1,moto2north2,113,308,0,308,308,aggregate_lr3_best,0,0,0
77,77,0,349,0.22073192287016138,0,0,0,0,0,78,77,349,0,72,77,0,0.9107133650701199,76.99999993386037,0.0,41.34039741754532,0.0,76.99999943104385,0.0,41.31379592418671,0.0,0,0,0,0,0,0.0,0,0,0,0,0,0,0,moto78,72,77,0,77,77,aggregate_lr3_best,0,0,0
125,124,0,697,6.123379663081396,0,0,18,0,0,139,138,697,0,48,124,14,0.727195102902722,138.00000092526489,0.0,27.56255668401718,0.0,137.99999876051587,0.0,27.539118707180023,0.0,1,0,0,0,0,375027.72462683736,18,0,0,0,0,17,0,motobesidescar,48,138,0,138,138,aggregate_lr3_best,0,0,0
114,114,0,533,1.717489390430071,0,0,0,0,0,117,116,533,0,42,114,2,0.7713575990916413,116.00000067091133,0.0,24.12438863515854,0.0,116.00000019007138,0.0,24.09593117237091,0.0,0,0,0,0,0,0.0,0,0,0,0,0,0,0,motocome,42,116,0,116,116,aggregate_lr3_best,0,0,0
90,90,0,433,0.4945836672508271,0,0,0,0,0,91,90,433,0,83,90,0,0.8547807163996908,89.99999996314193,0.0,47.66686487197876,0.0,90.00000013366657,0.0,47.618113815784454,0.0,0,0,0,0,0,0.0,0,0,0,0,0,0,0,motocomenight,83,90,0,90,90,aggregate_lr3_best,0,0,0
88,88,0,431,0.7853455212861928,0,0,0,0,0,89,88,431,0,88,88,0,0.8838905273593011,87.99999975885403,0.0,50.53443032503128,0.0,88.0000000248356,0.0,50.48888599872589,0.0,0,0,0,0,0,0.0,0,0,0,0,0,0,0,motowithgood,88,88,0,88,88,aggregate_lr3_best,0,0,0
109,109,0,514,1.0926046157003846,0,0,0,0,0,110,109,514,0,88,109,0,0.8184952418798863,108.99999913106177,0.0,50.53958439826965,0.0,108.99999954579094,0.0,50.48851656913757,0.0,0,0,0,0,0,0.0,0,0,0,0,0,0,0,nightmototurn,88,109,0,109,109,aggregate_lr3_best,0,0,0
458,454,2,2797,35.072665856111485,0,0,10,2,0,603,602,2797,0,108,458,144,0.6847177373492112,601.9999947540874,0.0,61.99154007434845,0.0,601.9999978711129,0.0,61.972747802734375,0.0,0,0,0,0,0,1958760.608924728,10,0,0,0,0,10,2,openthisexersicebook,108,602,0,602,602,aggregate_lr3_best,0,0,0
1543,1396,382,9894,392.7476780283866,0,0,54,382,11,2110,2109,9894,0,658,1532,577,0.5688503194560715,2108.9999844190097,407.5704015763133,377.7676582336426,53.95584970712662,2108.999997735903,438.33997283826994,377.53220665454865,53.932400703430176,11,0,0,11,0,17730288.58340486,54,0,0,0,0,43,382,outer2leftmirrorback,658,2109,0,2109,2109,aggregate_lr3_best,451,0,94
255,255,0,1241,0.7491125976633254,0,0,0,0,0,256,255,1241,0,237,255,0,0.8959305855441501,254.99999981748013,0.0,136.0791010260582,0.0,255.00000077218616,0.0,135.99572443962097,0.0,0,0,0,0,0,0.0,0,0,0,0,0,0,0,redshirtman,237,255,0,255,255,aggregate_lr3_best,0,0,0
391,253,560,4799,340.21297983839406,2,0,198,560,4,840,839,4799,0,2,347,492,0.26528831819726906,838.9999909817118,0.0,1.14780992269516,0.0,838.9999751150608,0.0,1.1474415063858032,0.0,44,0,0,4,0,13768823.388654303,198,0,0,0,0,154,560,rightbiggreenboy,2,839,2,839,839,aggregate_lr3_best,0,0,0
296,287,71,1966,42.3908141404533,1,0,40,72,1,360,359,1966,0,69,296,63,0.6152633426994935,359.0000125373629,0.0,39.62310039997101,0.0,358.9999934722318,0.0,39.589437901973724,0.0,0,0,0,0,0,9154258.925947819,40,0,1,0,0,40,72,rightboy`shead,69,359,1,359,359,aggregate_lr3_best,0,0,0
1030,1026,9,5670,59.66434117200971,1,0,39,10,1,1096,1052,5285,0,958,1030,22,0.8375316820974414,1052.0000043128343,0.0,550.204482793808,0.0,1051.9999983571768,0.0,549.71750664711,0.0,0,0,0,0,0,35369911.02313845,39,1,1,0,0,5,10,rightholdball1096,958,1095,1,1052,1052,aggregate_lr3_best,0,0,0
504,501,0,2560,22.779891964705712,0,0,7,0,0,506,505,2560,0,493,501,4,0.8871143184582034,504.9999980225274,0.0,283.0724937915802,0.0,505.0000004135865,0.0,282.9504888057709,0.0,3,0,0,0,0,4728922.369220402,7,0,0,0,0,4,0,rightredboy,493,505,0,505,505,aggregate_lr3_best,0,0,0
851,841,67,4647,58.24407732792605,0,0,55,67,1,948,947,4647,0,576,850,97,0.7399074789010622,946.9999934316123,0.0,330.5979742407799,0.0,947.000001958158,0.0,330.4456041455269,0.0,1,0,0,1,0,8780528.822479246,55,0,0,0,0,54,67,rightshiningmirror,576,947,0,947,947,aggregate_lr3_best,0,0,0
1467,1435,155,7980,155.75334723386848,0,0,2,155,1,1602,1601,7980,0,1568,1467,134,0.7769705074524773,1601.0000062816234,141.13250425751679,900.3190222978592,87.84764540195465,1600.999997048299,154.0039911981445,899.771646976471,87.79540753364563,0,0,0,1,0,337552.9327814353,2,0,0,0,0,2,155,righttallnine-gai,1568,1601,0,1601,1601,aggregate_lr3_best,156,0,153
272,272,0,1353,1.932555495761294,0,0,0,0,0,273,272,1353,0,272,272,0,0.8389378705851547,272.0000004721726,0.0,156.13797169923782,0.0,272.0000010881703,0.0,156.06760066747665,0.0,0,0,0,0,0,0.0,0,0,0,0,0,0,0,rightwhite_1227,272,272,0,272,272,aggregate_lr3_best,0,0,0
408,402,7,2047,9.097258228142028,0,0,11,7,2,412,411,2047,0,342,406,5,0.8379406136259182,411.0000016056309,0.0,196.42964601516724,0.0,410.99999911300654,0.0,196.23676377534866,0.0,2,0,0,2,0,1631933.649987042,11,0,0,0,0,9,7,stripeman,342,411,0,411,411,aggregate_lr3_best,0,0,0
233,222,25,1313,32.1112137169724,1,0,20,24,2,260,259,1313,0,43,231,28,0.6840266205597645,258.99999868259044,0.0,24.68990558385849,0.0,258.99999913390945,0.0,24.669104397296906,0.0,2,0,0,2,0,1155728.9499447378,20,0,0,1,1,18,24,stubesideswhitecar,43,259,1,259,259,aggregate_lr3_best,0,0,0
400,395,15,1935,18.538033653959133,1,0,6,14,2,443,442,1935,0,109,400,42,0.732737547268559,442.00000913782134,0.0,62.58412444591522,0.0,442.0000028928732,0.0,62.5378497838974,0.0,0,0,0,2,0,746465.4710214853,6,0,0,1,1,6,14,suitcase,109,442,1,442,442,aggregate_lr3_best,0,0,0
116,116,0,548,1.206113462621392,0,0,0,0,0,117,116,548,0,110,116,0,0.8363580309761753,115.99999962169443,0.0,63.15663427114487,0.0,116.00000006470249,0.0,63.10827958583832,0.0,0,0,0,0,0,0.0,0,0,0,0,0,0,0,take-out-motocoming,110,116,0,116,116,aggregate_lr3_best,0,0,0
306,306,0,1497,6.421389919151113,0,0,5,0,0,307,306,1497,0,287,306,0,0.8424263542488526,305.99999909800033,0.0,164.82918924093246,0.0,306.00000059230445,0.0,164.65325778722763,0.0,0,0,0,0,0,214632.80802184422,5,0,0,0,0,5,0,tallboyblack,287,306,0,306,306,aggregate_lr3_best,0,0,0
148,148,1,714,1.5386429630788214,0,0,0,1,0,150,149,714,0,100,148,1,0.8311820627832671,148.99999880453663,0.0,57.42705011367798,0.0,149.00000066846235,0.0,57.3730103969574,0.0,0,0,0,0,0,0.0,0,0,0,0,0,0,1,turnblkbike,100,149,0,149,149,aggregate_lr3_best,0,0,0
192,192,0,821,1.3687664645052846,0,0,0,0,0,193,192,821,0,93,192,0,0.8352130423723535,192.00000012493433,0.0,53.387612104415894,0.0,192.00000077159578,0.0,53.364108979701996,0.0,0,0,0,0,0,0.0,0,0,0,0,0,0,0,unbrellainbike,93,192,0,192,192,aggregate_lr3_best,0,0,0
229,229,7,1233,5.040691097222629,0,0,11,7,1,251,250,1233,0,129,229,21,0.7320904238751286,250.00000147496232,0.0,74.05255299806595,0.0,250.00000141275666,0.0,74.01248514652252,0.0,0,0,0,1,0,2827464.390931622,11,0,0,0,0,11,7,waiterontheothersideofwindow,129,250,0,250,250,aggregate_lr3_best,0,0,0
919,919,170,5674,20.07311127523233,0,0,94,170,1,1117,1116,5674,0,574,919,197,0.6958519685323401,1115.9999983883274,0.0,329.6055051088333,0.0,1115.9999951824045,0.0,329.3146541714668,0.0,0,0,0,1,0,15726201.444674507,94,0,0,0,0,94,170,whiteaftertrees,574,1116,0,1116,1116,aggregate_lr3_best,0,0,0
166,166,1,751,2.8486561781952737,0,0,1,1,0,169,168,751,0,84,166,2,0.8217108404463891,168.00000056243317,0.0,48.245475709438324,0.0,167.9999997046642,0.0,48.20069634914398,0.0,0,0,0,0,0,332688.5501933463,1,0,0,0,0,1,1,whiteatright,84,168,0,168,168,aggregate_lr3_best,0,0,0
101,101,0,494,1.436936493179145,0,0,0,0,0,102,101,494,0,96,101,0,0.7898482653691828,100.99999828360208,0.0,55.13364666700363,0.0,100.99999979477799,0.0,55.08051282167435,0.0,0,0,0,0,0,0.0,0,0,0,0,0,0,0,whiteblcakwoman,96,101,0,101,101,aggregate_lr3_best,0,0,0
84,84,0,414,0.20617835867027137,0,0,0,0,0,85,84,414,0,84,84,0,0.9154633034443235,84.00000012511775,0.0,48.25330871343613,0.0,84.00000044420558,0.0,48.194970190525055,0.0,0,0,0,0,0,0.0,0,0,0,0,0,0,0,whitecarafterbike,84,84,0,84,84,aggregate_lr3_best,0,0,0
112,112,0,560,2.2861571235360607,0,0,0,0,0,113,112,560,0,112,112,0,0.915594837694539,111.99999997435451,0.0,64.34838509559631,0.0,112.00000103822713,0.0,64.2736988067627,0.0,0,0,0,0,0,0.0,0,0,0,0,0,0,0,whitecarcome,112,112,0,112,112,aggregate_lr3_best,0,0,0
149,149,0,745,1.934978372611672,0,0,0,0,0,150,149,745,0,149,149,0,0.9253347939048521,148.99999971553873,0.0,85.58598458766937,0.0,148.99999904281322,0.0,85.4874182343483,0.0,0,0,0,0,0,0.0,0,0,0,0,0,0,0,whitecarcoming,149,149,0,149,149,aggregate_lr3_best,0,0,0
347,347,0,1627,2.286930579472041,0,0,0,0,0,348,347,1627,0,316,347,0,0.8910893902382916,346.9999985628379,0.0,181.4555172920227,0.0,346.99999933648445,0.0,181.30951488018036,0.0,0,0,0,0,0,0.0,0,0,0,0,0,0,0,whitemancome,316,347,0,347,347,aggregate_lr3_best,0,0,0
110,110,0,439,0.7190990426105222,0,0,0,0,0,111,110,439,0,43,110,0,0.8393328306801819,109.99999915872978,0.0,24.69722056388855,0.0,110.00000006355484,0.0,24.66968584060669,0.0,0,0,0,0,0,0.0,0,0,0,0,0,0,0,womanongrass,43,110,0,110,110,aggregate_lr3_best,0,0,0
126,126,0,627,4.875190846389846,0,0,1,0,0,143,142,627,0,58,126,16,0.7186439464810761,141.9999990774129,0.0,33.28817105293274,0.0,141.99999983429342,0.0,33.276593029499054,0.0,0,0,0,0,0,115423.10762932523,1,0,0,0,0,1,0,yellowexcesicebook,58,142,0,142,142,aggregate_lr3_best,0,0,0
327,327,0,1583,8.981793091888266,0,0,0,0,0,333,332,1583,0,93,327,5,0.7931903014780743,332.0000021468791,0.0,51.68771827220917,0.0,332.0000041430832,0.0,51.11783617734909,0.0,0,0,0,0,0,0.0,0,0,0,0,0,0,0,10rightblackboy,93,332,0,332,332,old_lr5_last,0,0,0
223,223,0,1106,1.7821265368251415,0,0,0,0,0,224,223,1106,0,207,223,0,0.8600760023328342,223.00000056875467,0.0,114.93405622243881,0.0,222.99999987958827,0.0,114.10061526298523,0.0,0,0,0,0,0,0.0,0,0,0,0,0,0,0,1boygo,207,223,0,223,223,old_lr5_last,0,0,0
130,130,0,619,6.476220489034026,0,0,1,0,0,138,137,619,0,0,130,7,0.7036440453402357,137.0,0.0,0.0,0.0,137.0,0.0,0.0,0.0,0,0,0,0,0,22232.581157444456,1,0,0,0,0,1,0,2girlgoleft,0,137,0,137,137,old_lr5_last,0,0,0
121,121,0,514,1.8033397514157887,0,0,0,0,0,122,121,514,0,19,121,0,0.8340247564828952,121.00000112649519,0.0,10.537254631519318,0.0,120.99999909639315,0.0,10.430028557777405,0.0,0,0,0,0,0,0.0,0,0,0,0,0,0,0,2outdark,19,121,0,121,121,old_lr5_last,0,0,0
134,134,0,654,3.4270853739574028,0,0,0,0,0,135,134,654,0,134,134,0,0.8680172148835827,134.00000133214655,0.0,74.48103892803192,0.0,133.99999973693454,0.0,73.93823331594467,0.0,0,0,0,0,0,0.0,0,0,0,0,0,0,0,2rdtribike,134,134,0,134,134,old_lr5_last,0,0,0
128,84,313,2246,216.96984039885024,20,0,45,316,4,449,448,2246,0,0,121,327,0.17432996693487796,448.0,0.0,0.0,0.0,448.0,0.0,0.0,0.0,7,0,0,3,0,845142.8893448592,45,2,6,4,2,38,316,3whitemen,0,448,20,448,448,old_lr5_last,0,0,0
191,191,0,951,3.146334667061997,0,0,0,0,0,192,191,951,0,14,191,0,0.8313198371197112,191.0000032201655,0.0,7.745738625526428,0.0,190.99999501397897,0.0,7.689133286476135,0.0,0,0,0,0,0,0.0,0,0,0,0,0,0,0,4one,14,191,0,191,191,old_lr5_last,0,0,0
183,183,0,914,3.1569277220027177,0,0,0,0,0,184,183,914,0,113,183,0,0.8385853546538425,183.00000056520574,0.0,62.64379185438156,0.0,183.00000066310758,0.0,62.08373433351517,0.0,0,0,0,0,0,0.0,0,0,0,0,0,0,0,4two,113,183,0,183,183,old_lr5_last,0,0,0
97,82,41,603,36.490795146779746,2,0,7,41,1,124,123,603,0,75,97,26,0.5173182437421077,123.00000227516844,0.0,41.786320090293884,0.0,123.00000378884639,0.0,41.33542424440384,0.0,0,0,0,0,0,2515487.1758047054,7,0,0,0,0,7,41,9whitegirl,75,123,2,123,123,old_lr5_last,0,0,0
763,721,234,4757,223.6557825057235,4,0,18,232,3,986,985,4757,0,241,760,225,0.5729306706351474,984.9999966372702,213.88674659343442,134.39663743972778,42.90086472034454,984.9999995469205,115.9905903366769,132.38402152061462,42.34536254405975,3,0,0,3,0,494319.08421240083,18,0,2,2,1,15,232,Aboydownbike,241,985,4,985,985,old_lr5_last,252,0,77
7384,7205,458,39987,574.0204202130856,228,0,607,493,47,8406,8393,39927,0,678,7311,1082,0.6953657948620257,8392.999921682485,0.0,374.5344541668892,0.0,8393.000053854063,0.0,372.74537831544876,0.0,73,0,0,47,15,139714557.5254215,608,28,151,65,4,531,493,ab_bolster,678,8405,228,8393,8393,old_lr5_last,0,0,0
164,161,4,859,6.263216674002345,1,0,7,4,1,172,168,829,0,111,164,4,0.8117981678549655,168.00000048074298,0.0,61.923492670059204,0.0,168.00000041239608,0.0,60.997133910655975,0.0,0,0,0,1,0,249716.7153372636,7,0,0,0,0,4,4,ab_motocometurn,111,171,1,168,168,old_lr5_last,0,0,0
51,49,3,339,3.729424205448382,3,0,4,3,1,65,64,339,0,49,49,15,0.7359071086881988,63.999998986694294,0.0,27.302016496658325,0.0,63.999999981960116,0.0,26.927020967006683,0.0,2,0,0,1,2,267687.720692038,4,0,0,3,0,2,3,ab_mototurn,49,64,3,64,64,old_lr5_last,0,0,0
4608,3530,2483,30038,2312.2385201110787,49,4,35,2473,47,6981,6980,30038,12,2611,4605,2375,0.46169296243416136,6980.000006118369,2387.909649347864,1443.90438580513,651.487451851368,6980.000014428504,2525.9098867105213,1438.4753164052963,648.5181007385254,3,12,12,47,0,22365106.778631665,35,8,14,34,18,32,2473,ab_rightcupcoming_infwhite_quezhen,2611,6980,49,6980,6980,old_lr5_last,2456,7,1177
226,226,0,1088,4.732333861282061,0,0,0,0,0,227,226,1088,0,226,226,0,0.8147495766241794,225.99999973557016,0.0,126.43807023763657,0.0,226.00000241919312,0.0,125.14848220348358,0.0,0,0,0,0,0,0.0,0,0,0,0,0,0,0,abeauty_1202,226,226,0,226,226,old_lr5_last,0,0,0
158,158,0,790,0.44207458760482654,0,0,0,0,0,159,158,790,0,158,158,0,0.918821354944955,158.00000006332914,0.0,87.51778447628021,0.0,157.9999991556246,0.0,87.36539727449417,0.0,0,0,0,0,0,0.0,0,0,0,0,0,0,0,aboy_1202,158,158,0,158,158,old_lr5_last,0,0,0
272,272,0,1317,1.4263386823416924,0,0,0,0,0,273,272,1317,0,263,272,0,0.9099240404249361,271.99999959721544,0.0,145.5207342505455,0.0,271.9999996296523,0.0,145.17338651418686,0.0,0,0,0,0,0,0.0,0,0,0,0,0,0,0,agirl_1202,263,272,0,272,272,old_lr5_last,0,0,0
882,882,0,4400,6.091233194475316,0,0,0,0,0,883,882,4400,0,777,882,0,0.8669657949462239,881.9999972062855,0.0,431.1416699886322,0.0,882.0000017316745,0.0,428.058092713356,0.0,0,0,0,0,0,0.0,0,0,0,0,0,0,0,ajiandan_blkdog,777,882,0,882,882,old_lr5_last,0,0,0
131,120,46,1015,16.94709717798494,12,0,46,37,2,175,174,1015,0,12,122,52,0.5943587633492851,174.0000014493441,0.0,6.624614953994751,0.0,173.99999923003077,0.0,6.584040641784668,0.0,9,0,0,1,6,500821.5673239088,46,0,1,10,7,37,37,basketball,12,174,12,174,174,old_lr5_last,0,0,0
63,62,36,500,22.04160621045093,4,0,6,36,2,110,109,500,0,0,62,47,0.45305436847821806,109.0,0.0,0.0,0.0,109.0,0.0,0.0,0.0,1,0,0,1,0,256208.24363239584,6,0,2,2,0,5,36,basketballshooting,0,109,4,109,109,old_lr5_last,0,0,0
148,148,0,723,1.1865963213266304,0,0,0,0,0,150,149,723,0,102,148,1,0.8500433985975272,149.00000199645748,0.0,56.77523386478424,0.0,149.0000006603585,0.0,56.08778613805771,0.0,0,0,0,0,0,0.0,0,0,0,0,0,0,0,bike150,102,149,0,149,149,old_lr5_last,0,0,0
268,268,9,1494,14.524547749420442,0,0,7,9,1,314,313,1494,0,48,268,45,0.6516755912348475,312.99999947198154,0.0,26.827088534832,0.0,313.00000062305867,0.0,26.360268771648407,0.0,0,0,0,1,0,101579.19351407661,7,0,0,0,0,7,9,bikecoming,48,313,0,313,313,old_lr5_last,0,0,0
224,224,2,1198,10.414369923431956,0,0,5,2,0,256,255,1198,0,114,224,31,0.7245245824745925,255.00000003381305,0.0,63.733954191207886,0.0,254.99999813743557,0.0,62.70162105560303,0.0,0,0,0,0,0,306150.64964497555,5,0,0,0,0,5,2,blackboy256,114,255,0,255,255,old_lr5_last,0,0,0
291,288,6,1535,16.674979820112853,2,0,3,6,1,316,315,1535,0,184,291,24,0.7527725228917375,314.99999936409085,0.0,102.24889123439789,0.0,314.999993979295,0.0,101.17845582962036,0.0,0,0,0,1,0,419317.2603621378,3,0,1,1,1,3,6,blackman_0115,184,315,2,315,315,old_lr5_last,0,0,0
111,111,0,555,0.9049657925110677,0,0,0,0,0,112,111,555,0,108,111,0,0.8570360375886568,110.99999986423497,0.0,59.970240354537964,0.0,110.99999928382962,0.0,59.30271941423416,0.0,0,0,0,0,0,0.0,0,0,0,0,0,0,0,blkbikecomes,108,111,0,111,111,old_lr5_last,0,0,0
325,325,0,1640,3.033272579422598,0,0,0,0,0,329,328,1640,0,289,325,3,0.8836935746415805,327.99999888208674,0.0,160.51479643583298,0.0,328.00000027479166,0.0,159.41116827726364,0.0,0,0,0,0,0,0.0,0,0,0,0,0,0,0,blkboy,289,328,0,328,328,old_lr5_last,0,0,0
180,180,0,877,1.9853527265395778,0,0,0,0,0,181,180,877,0,165,180,0,0.892418396251467,180.00000158253704,0.0,91.44787055253983,0.0,179.99999916177504,0.0,91.0035098195076,0.0,0,0,0,0,0,0.0,0,0,0,0,0,0,0,blkboywithbluebag,165,180,0,180,180,old_lr5_last,0,0,0
432,427,8,2150,31.095238958674383,1,0,3,9,1,451,450,2150,0,175,432,18,0.7734025930639249,449.9999949463282,0.5356414258892616,97.1396392583847,0.5579849481582642,450.0000011539189,1.2702957246561812,96.0865929722786,0.5489965677261353,0,0,0,1,0,48412.154811932516,3,1,1,0,0,3,9,blkboywithumbrella,175,450,1,450,450,old_lr5_last,2,0,1
390,390,0,1952,2.132632028464423,0,0,0,0,0,392,391,1952,0,389,390,1,0.8815931292254288,390.99999885818846,0.0,216.87086218595505,0.0,390.9999987603036,0.0,213.6133891940117,0.0,0,0,0,0,0,0.0,0,0,0,0,0,0,0,blkcarfollowingwhite,389,391,0,391,391,old_lr5_last,0,0,0
227,227,0,1063,1.6158484763671308,0,0,0,0,0,228,227,1063,0,145,227,0,0.8523028141446048,226.99999935312292,0.0,80.71716272830963,0.0,226.999999288842,0.0,79.65365236997604,0.0,0,0,0,0,0,0.0,0,0,0,0,0,0,0,blueboybike,145,227,0,227,227,old_lr5_last,0,0,0
454,454,0,2290,5.426514707586039,0,0,0,0,0,459,458,2290,0,458,454,4,0.90118191708849,457.99999766762477,0.0,255.12814128398895,0.0,457.99999900761793,0.0,251.97846841812134,0.0,0,0,0,0,0,0.0,0,0,0,0,0,0,0,bluelittletruck,458,458,0,458,458,old_lr5_last,0,0,0
213,165,71,1377,62.177042273945986,5,0,43,73,4,247,246,1377,0,65,203,43,0.5245012112759784,246.00000209162002,0.0,36.074093759059906,0.0,246.00000258143956,0.0,35.804524064064026,0.0,10,0,0,4,0,6390600.846266688,43,0,3,0,0,33,73,boybackpack,65,246,5,246,246,old_lr5_last,0,0,0
116,25,286,1790,213.3303649449811,17,0,53,287,3,318,317,1790,0,0,110,207,0.06713953933457474,317.0,0.0,0.0,0.0,317.0,0.0,0.0,0.0,6,0,0,2,1,1655685.440763265,53,2,2,2,1,47,287,boybesidescarwithouthat,0,317,17,317,317,old_lr5_last,0,0,0
224,224,43,1415,54.546449565128874,2,0,10,43,1,282,281,1415,0,63,224,57,0.5969279799023474,280.99999447967167,0.0,35.16696560382843,0.0,281.000005551914,0.0,34.779409885406494,0.0,0,0,0,0,0,3756176.0693375124,10,0,2,0,0,10,43,boyfollowing,63,281,2,281,281,old_lr5_last,0,0,0
756,756,0,3631,4.47025025681089,0,0,0,0,0,757,756,3631,0,678,756,0,0.8985838489051734,755.9999968074166,0.0,377.1537067294121,0.0,756.0000005740807,0.0,373.34454065561295,0.0,0,0,0,0,0,0.0,0,0,0,0,0,0,0,boyinsnowfield4,678,756,0,756,756,old_lr5_last,0,0,0
378,378,0,1795,3.4209988068767583,0,0,0,0,0,382,381,1795,0,337,378,3,0.8501756148257572,381.00000118231804,0.0,188.02581042051315,0.0,381.0000000171077,0.0,185.19538819789886,0.0,0,0,0,0,0,0.0,0,0,0,0,0,0,0,boyleave,337,381,0,381,381,old_lr5_last,0,0,0
81,81,0,367,2.0822913460494585,0,0,0,0,0,83,82,367,0,21,81,1,0.7371686816208017,81.99999856807808,0.0,11.654377520084381,0.0,82.00000004278478,0.0,11.526548385620117,0.0,0,0,0,0,0,0.0,0,0,0,0,0,0,0,boyouttrees,21,82,0,82,82,old_lr5_last,0,0,0
378,376,2,1918,7.420955018432842,0,0,1,2,0,386,385,1918,0,295,377,8,0.8182537991794323,384.9999994972966,0.0,164.16405081748962,0.0,385.00000148565806,0.0,162.58818238973618,0.0,1,0,0,0,0,396969.99818376766,1,0,0,0,0,0,2,boyrightrubbish,295,385,0,385,385,old_lr5_last,0,0,0
159,157,2,773,4.007556574809074,1,0,1,2,0,161,158,768,0,90,159,0,0.7855994038508204,158.00672884337877,0.0,50.0415118932724,0.0,157.98346199253996,0.0,49.50317621231079,0.0,0,0,0,0,0,15625.760101020103,1,0,0,1,0,1,2,boysback,91,160,1,159,159,old_lr5_last,0,0,0
87,87,0,423,0.662512206286493,0,0,0,0,0,88,87,423,0,80,87,0,0.851372253059251,87.00000018451674,0.0,44.46331775188446,0.0,87.0000006154155,0.0,43.9236176609993,0.0,0,0,0,0,0,0.0,0,0,0,0,0,0,0,boysitbike,80,87,0,87,87,old_lr5_last,0,0,0
347,344,15,2130,24.548128167407498,2,0,24,14,1,441,440,2130,0,39,345,95,0.6626257079799115,440.00000256725684,0.0,21.52027302980423,0.0,439.9999996882489,0.0,21.393466651439667,0.0,2,0,0,1,0,2202399.991097719,24,0,0,2,0,22,14,boysumbrella,39,440,2,440,440,old_lr5_last,0,0,0
343,322,413,4839,139.56405086315976,12,0,387,413,7,809,808,4839,0,101,330,478,0.34345234930126334,808.0000169182207,0.0,56.10900753736496,0.0,807.9999903871704,0.0,55.42946970462799,0.0,13,0,0,7,1,42039702.375606745,387,0,3,2,0,374,413,boytakepath,101,808,12,808,808,old_lr5_last,0,0,0
391,391,0,1939,4.741874929202371,0,0,0,0,0,392,391,1939,0,391,391,0,0.8300640130157807,390.99999980392215,0.0,218.80883300304413,0.0,390.9999978050213,0.0,215.2360857129097,0.0,0,0,0,0,0,0.0,0,0,0,0,0,0,0,browncarturn,391,391,0,391,391,old_lr5_last,0,0,0
140,140,0,678,0.47460520221531954,0,0,0,0,0,141,140,678,0,136,140,0,0.8963679419612027,140.00000038177473,0.0,75.78195428848267,0.0,140.00000128048188,0.0,74.75638276338577,0.0,0,0,0,0,0,0.0,0,0,0,0,0,0,0,carcomeonlight2,136,140,0,140,140,old_lr5_last,0,0,0
157,157,0,707,2.77588718679024,0,0,0,0,0,158,157,707,0,115,157,0,0.8069549458423841,156.99999934998561,0.0,63.849554657936096,0.0,156.99999926450695,0.0,63.18137902021408,0.0,0,0,0,0,0,0.0,0,0,0,0,0,0,0,comebike,115,157,0,157,157,old_lr5_last,0,0,0
703,523,398,5078,676.7675879021109,13,0,88,399,11,930,929,5078,0,0,701,228,0.45779806510258547,929.0,0.0,0.0,0.0,929.0,0.0,0.0,0.0,2,0,0,11,0,33566938.923348926,88,4,4,4,3,86,399,dotat43,0,929,13,929,929,old_lr5_last,0,0,0
52,52,0,260,0.6311562133333471,0,0,0,0,0,53,52,260,0,29,52,0,0.8691859459054541,51.99999907670216,0.0,16.206609904766083,0.0,51.99999997782831,0.0,15.973215818405151,0.0,0,0,0,0,0,0.0,0,0,0,0,0,0,0,downmoto,29,52,0,52,52,old_lr5_last,0,0,0
193,193,0,917,1.0432053936887447,0,0,0,0,0,195,193,912,0,0,193,0,0.8399379213944277,193.0,0.0,0.0,0.0,193.0,0.0,0.0,0.0,0,0,0,0,0,0.0,0,0,0,0,0,0,0,easy_4women,0,194,0,193,193,old_lr5_last,0,0,0
265,265,0,1319,4.0161134869548665,0,0,0,0,0,266,265,1319,0,265,265,0,0.8579091003792199,265.00000003038883,0.0,147.2305607199669,0.0,265.00000122135,0.0,145.89024049043655,0.0,0,0,0,0,0,0.0,0,0,0,0,0,0,0,elector_0115,265,265,0,265,265,old_lr5_last,0,0,0
751,688,217,5260,218.80144973849724,20,0,11,226,9,1161,1160,5260,0,152,750,410,0.5288573801715649,1160.0000112840653,63.700903149025585,84.26834177970886,7.20341169834137,1159.9999990917213,50.81115337999612,83.56717550754547,7.145345091819763,1,0,0,9,0,978230.6842441125,11,7,10,7,1,10,226,exercisebook,152,1160,20,1160,1160,old_lr5_last,73,0,13
149,148,1,671,1.110830212705574,1,0,1,0,0,151,150,671,0,32,149,1,0.8345162037964048,150.00000067977757,0.0,17.7383314371109,0.0,149.99999831098077,0.0,17.576571822166443,0.0,0,0,0,0,0,6357.292358919921,1,0,0,1,1,1,0,folddenumbrellainhand,32,150,1,150,150,old_lr5_last,0,0,0
108,108,0,513,1.463896533191392,0,0,0,0,0,109,108,513,0,97,108,0,0.8323307466873144,108.00000061041902,0.0,54.125055730342865,0.0,107.99999923147661,0.0,53.29701018333435,0.0,0,0,0,0,0,0.0,0,0,0,0,0,0,0,girlbike,97,108,0,108,108,old_lr5_last,0,0,0
287,70,313,1862,376.67350647307285,1,0,1,312,1,388,387,1862,0,345,286,101,0.15847265198180546,387.00000256046906,308.4299548956358,191.2980453968048,150.71180975437164,387.00000044869415,306.5480138186992,189.5600187778473,149.43805384635925,1,0,0,0,1,25075.7303639017,1,0,0,1,1,0,312,girlblack,345,387,1,387,387,old_lr5_last,312,0,272
57,55,1,313,4.335663017594092,0,0,4,1,0,67,66,313,0,0,55,11,0.6662605242462556,66.0,0.0,0.0,0.0,66.0,0.0,0.0,0.0,2,0,0,0,0,129040.75142022548,4,0,0,0,0,2,1,girlintrees,0,66,0,66,66,old_lr5_last,0,0,0
285,285,5,1440,9.285625838301065,0,0,0,5,1,307,306,1440,0,236,285,21,0.761182552496252,306.0000014904581,0.0,130.658625125885,0.0,305.99999817495916,0.0,130.06138628721237,0.0,0,0,0,1,0,0.0,0,0,0,0,0,0,5,girlwithredhat,236,306,0,306,306,old_lr5_last,0,0,0
176,171,37,1372,17.627096619684462,2,0,49,36,1,244,216,1142,0,178,174,42,0.6771621580091688,216.0000006167248,0.0,99.05089557170868,0.0,216.0000000469932,0.0,97.80622833967209,0.0,2,0,0,1,0,15485240.283995891,49,0,0,1,0,28,36,guardatbike_ab,178,243,1,216,216,old_lr5_last,0,0,0
72,66,44,607,20.23641840512017,1,0,15,44,1,116,115,607,0,50,69,46,0.5151987766942705,114.99999959485025,0.0,27.80010759830475,0.0,115.00000005227888,0.0,27.469574749469757,0.0,3,0,0,0,0,1311059.1310612352,15,0,0,0,0,12,44,guardman,50,115,1,115,115,old_lr5_last,0,0,0
1121,1107,381,9062,215.04021867579343,45,0,409,383,10,1611,1610,9062,0,223,1116,494,0.5770285399997802,1610.000012048652,0.0,123.01909971237183,0.0,1609.9999874397195,0.0,122.53688818216324,0.0,5,0,0,10,1,25993592.842811532,409,2,17,12,2,404,383,leftbasketball,223,1610,45,1610,1610,old_lr5_last,0,0,0
404,404,0,1989,16.106369077474415,0,0,0,0,0,405,404,1989,0,216,404,0,0.8384123397586694,404.00000217384604,0.0,120.08937728404999,0.0,404.0000014341621,0.0,118.66916823387146,0.0,0,0,0,0,0,0.0,0,0,0,0,0,0,0,leftof2girls,216,404,0,404,404,old_lr5_last,0,0,0
223,220,44,1476,27.47683655964196,3,0,43,44,1,286,285,1476,0,37,220,65,0.6180453269120584,285.00000061214627,0.0,20.697973608970642,0.0,284.99999755427126,0.0,20.313831508159637,0.0,3,0,0,0,0,5150733.718770942,43,0,0,0,0,40,44,lonelyman,37,285,3,285,285,old_lr5_last,0,0,0
150,150,0,741,5.498771776905751,0,0,0,0,0,151,150,741,0,97,150,0,0.7402850068231571,149.99999972748486,0.0,53.892829954624176,0.0,150.0000008326408,0.0,53.362515926361084,0.0,0,0,0,0,0,0.0,0,0,0,0,0,0,0,man,97,150,0,150,150,old_lr5_last,0,0,0
422,417,28,2371,35.93107459718263,4,0,24,28,3,505,504,2371,0,26,420,84,0.6501702279138315,504.00000686682176,0.0,14.470074355602264,0.0,503.9999898780683,0.0,14.300988793373108,0.0,2,0,0,3,0,3779336.620867214,24,0,3,1,0,22,28,man2startmoto,26,504,4,504,504,old_lr5_last,0,0,0
43,39,56,758,19.840856473577148,4,0,56,55,1,100,99,758,0,2,40,59,0.3126470750791284,99.00000030948462,0.0,1.1036497354507446,0.0,98.99999927183052,0.0,1.0973533391952515,0.0,3,0,0,0,0,954233.7535362171,56,0,1,2,1,53,55,manafetrtrees,2,99,4,99,99,old_lr5_last,0,0,0
202,202,0,976,3.7410464138753223,0,0,0,0,0,204,203,976,0,114,202,1,0.7694537547191134,203.00000270171142,0.0,63.40320312976837,0.0,203.00000083920372,0.0,62.623381555080414,0.0,0,0,0,0,0,0.0,0,0,0,0,0,0,0,meituanbike,114,203,0,203,203,old_lr5_last,0,0,0
298,297,1,1346,11.635859897892715,0,0,1,1,0,309,308,1346,0,113,297,11,0.7149331935232756,307.9999950257983,0.0,62.83963668346405,0.0,307.99999631135717,0.0,62.08353054523468,0.0,1,0,0,0,0,9792.506823189962,1,0,0,0,0,0,1,moto2north2,113,308,0,308,308,old_lr5_last,0,0,0
77,77,0,349,0.2290016266114881,0,0,0,0,0,78,77,349,0,72,77,0,0.9107133650701199,77.00000100237978,0.0,40.05534040927887,0.0,77.00000000444112,0.0,39.62605041265488,0.0,0,0,0,0,0,0.0,0,0,0,0,0,0,0,moto78,72,77,0,77,77,old_lr5_last,0,0,0
126,123,0,649,7.444084286814196,3,0,10,0,0,139,138,649,0,48,125,13,0.7220921756706572,138.00000001849008,0.0,26.687751173973083,0.0,137.99999951537563,0.0,26.36705768108368,0.0,1,0,0,0,0,89214.93665175598,10,0,2,1,0,9,0,motobesidescar,48,138,3,138,138,old_lr5_last,0,0,0
114,114,0,533,3.5512048032433263,0,0,0,0,0,117,116,533,0,42,114,2,0.7713575990916413,116.00000117556588,0.0,23.437414526939392,0.0,116.00000050175032,0.0,23.05103200674057,0.0,0,0,0,0,0,0.0,0,0,0,0,0,0,0,motocome,42,116,0,116,116,old_lr5_last,0,0,0
90,90,0,433,0.6227123514242281,0,0,0,0,0,91,90,433,0,83,90,0,0.8547807163996908,89.99999995913566,0.0,46.22046613693237,0.0,89.99999975710033,0.0,45.56036424636841,0.0,0,0,0,0,0,0.0,0,0,0,0,0,0,0,motocomenight,83,90,0,90,90,old_lr5_last,0,0,0
88,88,0,431,0.7750790107535632,0,0,0,0,0,89,88,431,0,88,88,0,0.8838905273593011,88.00000060379496,0.0,49.02096390724182,0.0,87.9999995530276,0.0,48.316133975982666,0.0,0,0,0,0,0,0.0,0,0,0,0,0,0,0,motowithgood,88,88,0,88,88,old_lr5_last,0,0,0
109,109,0,514,1.8893813371120434,0,0,0,0,0,110,109,514,0,88,109,0,0.8184952418798863,108.99999961529247,0.0,49.06112837791443,0.0,108.99999989083736,0.0,48.321906328201294,0.0,0,0,0,0,0,0.0,0,0,0,0,0,0,0,nightmototurn,88,109,0,109,109,old_lr5_last,0,0,0
458,454,2,2774,48.65756682983168,6,0,6,2,0,603,602,2774,0,108,458,144,0.6831422851260438,602.0000018116477,0.0,59.80968534946442,0.0,602.0000034605151,0.0,59.51063323020935,0.0,0,0,0,0,0,672252.6118057326,6,0,4,2,0,6,2,openthisexersicebook,108,602,6,602,602,old_lr5_last,0,0,0
1536,1391,386,9707,459.88841211811126,19,0,17,389,12,2110,2109,9707,0,658,1534,575,0.5667787183253579,2108.9999867906326,393.905444042626,365.59018635749817,52.11201322078705,2109.000006591485,435.97241850744234,361.8144447207451,51.68018674850464,2,0,0,12,0,2586936.095250439,17,6,11,8,3,15,389,outer2leftmirrorback,658,2109,19,2109,2109,old_lr5_last,451,0,94
255,255,0,1241,0.780503465472234,0,0,0,0,0,256,255,1241,0,237,255,0,0.8959305855441501,255.00000072033856,0.0,131.78573322296143,0.0,255.0000015759171,0.0,130.35329395532608,0.0,0,0,0,0,0,0.0,0,0,0,0,0,0,0,redshirtman,237,255,0,255,255,old_lr5_last,0,0,0
382,296,486,4081,352.104080930971,12,0,13,481,6,840,839,4081,0,2,376,463,0.31482348393255144,839.0000219545304,0.0,1.107515037059784,0.0,838.9999824665927,0.0,1.1022697687149048,0.0,6,0,0,6,3,881627.3799107627,13,1,2,9,6,7,481,rightbiggreenboy,2,839,12,839,839,old_lr5_last,0,0,0
303,291,67,1964,69.92738554965838,2,0,40,68,1,360,359,1964,0,69,302,57,0.6215685711220513,359.00000202210566,0.0,38.39486163854599,0.0,358.9999991991714,0.0,37.984414756298065,0.0,1,0,0,0,0,3371207.89536502,40,1,1,0,0,39,68,rightboy`shead,69,359,2,359,359,old_lr5_last,0,0,0
1039,1035,0,5605,43.8301270899388,3,0,26,0,0,1096,1052,5300,0,958,1039,13,0.8447711566456453,1052.0000020302032,0.0,534.1044571399689,0.0,1052.0000050923684,0.0,528.0994647145271,0.0,0,0,0,0,0,11258322.405077042,26,0,2,1,0,8,0,rightholdball1096,958,1095,3,1052,1052,old_lr5_last,0,0,0
501,501,3,2535,14.290070316871063,2,0,2,4,1,506,505,2535,0,493,501,4,0.8841335816105964,504.99999896552424,0.0,274.3596586585045,0.0,504.99999909340045,0.0,272.48733162879944,0.0,0,0,0,1,0,1181822.3183772552,2,1,2,0,0,2,4,rightredboy,493,505,2,505,505,old_lr5_last,0,0,0
730,719,198,4454,135.46135657887498,9,0,13,194,3,948,947,4454,0,512,728,219,0.6332987369611207,946.999998197602,0.0,283.2151717543602,0.0,946.9999970455265,0.0,281.23976016044617,0.0,2,0,0,2,0,1150719.9966045623,13,1,2,5,1,11,194,rightshiningmirror,512,947,9,947,947,old_lr5_last,0,0,0
1467,1435,155,7970,161.53824198910715,0,0,0,155,1,1602,1601,7970,0,1568,1467,134,0.7769705074524773,1601.0000012643725,144.00166250567278,871.7686915397644,85.07557535171509,1601.0000005675604,154.02081764356882,866.3720698356628,84.53086763620377,0,0,0,1,0,0.0,0,0,0,0,0,0,155,righttallnine-gai,1568,1601,0,1601,1601,old_lr5_last,156,0,153
272,272,0,1353,3.3266820291288375,0,0,0,0,0,273,272,1353,0,272,272,0,0.8389378705851547,271.99999854812233,0.0,150.64368802309036,0.0,271.9999998779366,0.0,149.5829187631607,0.0,0,0,0,0,0,0.0,0,0,0,0,0,0,0,rightwhite_1227,272,272,0,272,272,old_lr5_last,0,0,0
408,403,6,2022,8.571811361540417,1,0,5,5,0,412,411,2022,0,342,406,5,0.8402122943403856,410.99999778837196,0.0,190.85363495349884,0.0,410.9999999364801,0.0,188.13703483343124,0.0,2,0,0,0,0,209337.42328256567,5,0,0,1,0,3,5,stripeman,342,411,1,411,411,old_lr5_last,0,0,0
234,216,34,1238,57.72528311410202,3,0,4,36,2,260,259,1238,0,43,233,26,0.6501924051113601,258.99999955009963,0.0,23.89501965045929,0.0,258.99999789740775,0.0,23.612628281116486,0.0,1,0,0,2,0,111619.34418387385,4,2,3,0,0,3,36,stubesideswhitecar,43,259,3,259,259,old_lr5_last,0,0,0
390,384,26,1930,46.5507157263259,1,0,5,26,2,443,442,1930,0,109,390,52,0.7125200814156766,442.0000011869773,0.0,60.59482657909393,0.0,441.9999958766372,0.0,59.879768788814545,0.0,0,0,0,2,0,101708.02743328395,5,0,0,0,0,5,26,suitcase,109,442,1,442,442,old_lr5_last,0,0,0
116,116,0,548,1.5281813147360221,0,0,0,0,0,117,116,548,0,110,116,0,0.8363580309761753,116.00000026100682,0.0,61.1176723241806,0.0,116.00000054327198,0.0,60.371252596378326,0.0,0,0,0,0,0,0.0,0,0,0,0,0,0,0,take-out-motocoming,110,116,0,116,116,old_lr5_last,0,0,0
306,306,0,1478,5.546372596984248,1,0,1,0,0,307,306,1478,0,287,306,0,0.8425263208166212,305.99999750747367,0.0,160.0309854745865,0.0,306.0000004589849,0.0,157.59515023231506,0.0,0,0,0,0,0,32321.562967725033,1,0,0,1,0,1,0,tallboyblack,287,306,1,306,306,old_lr5_last,0,0,0
148,148,1,714,3.09537723333326,0,0,0,1,0,150,149,714,0,100,148,1,0.8311820627832671,148.99999895411986,0.0,55.696028888225555,0.0,149.0000010162244,0.0,54.909395933151245,0.0,0,0,0,0,0,0.0,0,0,0,0,0,0,1,turnblkbike,100,149,0,149,149,old_lr5_last,0,0,0
192,192,0,821,1.387997329815725,0,0,0,0,0,193,192,821,0,93,192,0,0.8352130423723535,191.99999885137257,0.0,51.54126250743866,0.0,192.00000022187902,0.0,51.15516406297684,0.0,0,0,0,0,0,0.0,0,0,0,0,0,0,0,unbrellainbike,93,192,0,192,192,old_lr5_last,0,0,0
8,7,239,1593,124.51081850766707,13,0,88,240,1,251,250,1593,0,5,7,243,0.03015001481014191,249.99999908123274,0.0,2.782241106033325,0.0,249.99999817508666,0.0,2.7490915656089783,0.0,1,0,0,0,0,6356471.54303173,88,0,1,0,0,87,240,waiterontheothersideofwindow,5,250,13,250,250,old_lr5_last,0,0,0
964,957,138,5937,58.535277832470285,11,0,151,138,1,1117,1116,5937,0,581,957,159,0.7220038574323615,1116.0000013641325,0.0,322.80247247219086,0.0,1116.0000050585415,0.0,318.9864056110382,0.0,7,0,0,1,1,7122039.860813329,151,0,3,2,1,144,138,whiteaftertrees,581,1116,11,1116,1116,old_lr5_last,0,0,0
166,166,1,746,2.7444223489610327,0,0,0,1,0,169,168,746,0,84,166,2,0.8217108404463891,167.99999870349214,0.0,46.91859710216522,0.0,167.9999988008103,0.0,46.258316457271576,0.0,0,0,0,0,0,0.0,0,0,0,0,0,0,1,whiteatright,84,168,0,168,168,old_lr5_last,0,0,0
101,101,0,494,1.8436813084660795,0,0,0,0,0,102,101,494,0,96,101,0,0.7898482653691828,101.00000040155456,0.0,53.60259258747101,0.0,101.00000006735583,0.0,52.79320931434631,0.0,0,0,0,0,0,0.0,0,0,0,0,0,0,0,whiteblcakwoman,96,101,0,101,101,old_lr5_last,0,0,0
84,84,0,414,0.5027466624225589,0,0,0,0,0,85,84,414,0,84,84,0,0.9154633034443235,83.99999967501779,0.0,46.97533875703812,0.0,83.99999971634352,0.0,46.1430806517601,0.0,0,0,0,0,0,0.0,0,0,0,0,0,0,0,whitecarafterbike,84,84,0,84,84,old_lr5_last,0,0,0
112,112,0,560,2.2180358696082383,0,0,0,0,0,113,112,560,0,112,112,0,0.915594837694539,112.00000004370338,0.0,62.82524621486664,0.0,112.00000019056844,0.0,61.72461646795273,0.0,0,0,0,0,0,0.0,0,0,0,0,0,0,0,whitecarcome,112,112,0,112,112,old_lr5_last,0,0,0
149,149,0,745,2.0657066219052775,0,0,0,0,0,150,149,745,0,149,149,0,0.9253347939048521,148.99999913411426,0.0,83.2702864408493,0.0,149.00000039521495,0.0,81.82452756166458,0.0,0,0,0,0,0,0.0,0,0,0,0,0,0,0,whitecarcoming,149,149,0,149,149,old_lr5_last,0,0,0
347,347,0,1627,2.0520869566252937,0,0,0,0,0,348,347,1627,0,316,347,0,0.8910893902382916,347.0000002755109,0.0,175.86928516626358,0.0,346.9999995452724,0.0,173.70789855718613,0.0,0,0,0,0,0,0.0,0,0,0,0,0,0,0,whitemancome,316,347,0,347,347,old_lr5_last,0,0,0
110,110,0,439,0.5520285819470458,0,0,0,0,0,111,110,439,0,43,110,0,0.8393328306801819,109.99999998497074,0.0,23.98627871274948,0.0,110.00000073388145,0.0,23.609157025814056,0.0,0,0,0,0,0,0.0,0,0,0,0,0,0,0,womanongrass,43,110,0,110,110,old_lr5_last,0,0,0
127,127,0,626,6.2799438924964885,1,0,1,0,0,143,142,626,0,57,127,15,0.721195381363198,141.99999959700133,0.0,31.54093247652054,0.0,141.9999996901911,0.0,31.361163318157196,0.0,0,0,0,0,0,97782.24210923912,1,0,1,0,0,1,0,yellowexcesicebook,57,142,1,142,142,old_lr5_last,0,0,0
327,327,0,1583,8.79088977859986,0,0,0,0,0,333,332,1583,0,93,327,5,0.7931903014780743,332.0000046701311,0.0,51.694095492362976,0.0,331.9999991602859,0.0,51.1236686706543,0.0,0,0,0,0,0,0.0,0,0,0,0,0,0,0,10rightblackboy,93,332,0,332,332,aggregate_lr5_last,0,0,0
223,223,0,1106,1.6859078396099312,0,0,0,0,0,224,223,1106,0,207,223,0,0.8600760023328342,223.00000191596854,0.0,114.94530826807022,0.0,223.0000001901728,0.0,114.10603362321854,0.0,0,0,0,0,0,0.0,0,0,0,0,0,0,0,1boygo,207,223,0,223,223,aggregate_lr5_last,0,0,0
130,130,0,624,6.113574638127529,0,0,2,0,0,138,137,624,0,0,130,7,0.7036440453402357,137.0,0.0,0.0,0.0,137.0,0.0,0.0,0.0,0,0,0,0,0,41581.503479733015,2,0,0,0,0,2,0,2girlgoleft,0,137,0,137,137,aggregate_lr5_last,0,0,0
121,121,0,514,1.7176698520792408,0,0,0,0,0,122,121,514,0,19,121,0,0.8340247564828952,120.99999940959822,0.0,10.537827610969543,0.0,121.00000048276738,0.0,10.430391311645508,0.0,0,0,0,0,0,0.0,0,0,0,0,0,0,0,2outdark,19,121,0,121,121,aggregate_lr5_last,0,0,0
134,134,0,654,3.305224324031576,0,0,0,0,0,135,134,654,0,134,134,0,0.8680172148835827,134.0000017203936,0.0,74.48902237415314,0.0,133.9999989126283,0.0,73.93718254566193,0.0,0,0,0,0,0,0.0,0,0,0,0,0,0,0,2rdtribike,134,134,0,134,134,aggregate_lr5_last,0,0,0
168,86,316,2557,243.87568930921816,29,0,102,320,5,449,448,2557,0,0,161,287,0.17478712804461086,448.0,0.0,0.0,0.0,448.0,0.0,0.0,0.0,7,0,0,4,1,3417690.3987313495,102,4,11,4,1,95,320,3whitemen,0,448,29,448,448,aggregate_lr5_last,0,0,0
191,191,0,951,2.88499874842621,0,0,0,0,0,192,191,951,0,14,191,0,0.8313198371197112,191.00000335150605,0.0,7.74620121717453,0.0,190.99999727369732,0.0,7.690007448196411,0.0,0,0,0,0,0,0.0,0,0,0,0,0,0,0,4one,14,191,0,191,191,aggregate_lr5_last,0,0,0
183,183,0,914,2.8406469707025996,0,0,0,0,0,184,183,914,0,113,183,0,0.8385853546538425,183.00000073203142,0.0,62.64884269237518,0.0,183.00000071431498,0.0,62.09112620353699,0.0,0,0,0,0,0,0.0,0,0,0,0,0,0,0,4two,113,183,0,183,183,aggregate_lr5_last,0,0,0
93,82,41,582,34.694901422842584,1,0,1,41,1,124,123,582,0,103,93,30,0.5173182437421077,122.99999979161146,27.158118789457312,57.37686896324158,15.587482869625092,122.99999993784743,27.27183356744298,56.743304789066315,15.407508373260498,0,0,0,0,0,403331.13417470467,1,0,0,0,0,1,41,9whitegirl,103,123,1,123,123,aggregate_lr5_last,30,0,28
760,720,233,4766,219.41740685025616,2,0,19,231,3,986,985,4766,0,241,759,226,0.5737283385274237,985.0000020069283,212.0312578724132,134.4110063314438,42.90673506259918,984.9999996503454,115.99557080947875,132.3964043855667,42.34980136156082,1,0,0,3,0,532018.261002815,19,0,0,2,1,18,231,Aboydownbike,241,985,2,985,985,aggregate_lr5_last,252,0,77
7336,7163,505,40581,539.8997745726729,105,0,727,539,52,8406,8393,40523,0,673,7292,1101,0.6908953812985457,8392.999945042931,0.0,371.76636135578156,0.0,8393.000113978262,0.0,369.9997549653053,0.0,44,0,0,52,4,163059578.47856972,728,30,79,23,2,682,539,ab_bolster,673,8405,105,8393,8393,aggregate_lr5_last,0,0,0
164,161,4,864,6.0010017650977066,1,0,8,4,1,172,168,834,0,111,164,4,0.8117981678549655,168.00000040061627,0.0,61.9340615272522,0.0,168.00000025259757,0.0,61.001871824264526,0.0,0,0,0,1,0,260554.94803719514,8,0,0,0,0,5,4,ab_motocometurn,111,171,1,168,168,aggregate_lr5_last,0,0,0
54,51,3,344,4.998927407502795,0,0,5,3,1,65,64,344,0,49,51,13,0.7366534561973914,63.99999949074515,0.0,27.298616349697113,0.0,64.00000021908052,0.0,26.929772555828094,0.0,3,0,0,1,0,333078.36442928424,5,0,0,0,0,2,3,ab_mototurn,49,64,0,64,64,aggregate_lr5_last,0,0,0
5024,3990,2129,30013,2014.711106007621,64,4,44,2127,55,6981,6980,30013,12,1659,5022,1958,0.5037590166551404,6979.999970055583,1905.090423007135,916.8896578550339,417.84997844696045,6980.000003534818,2056.820006581326,913.9263381361961,416.06030148267746,2,12,12,55,0,29086063.57338651,44,17,27,36,21,42,2127,ab_rightcupcoming_infwhite_quezhen,1659,6980,64,6980,6980,aggregate_lr5_last,2014,8,755
226,226,0,1088,4.446473405808836,0,0,0,0,0,227,226,1088,0,226,226,0,0.8147495766241794,225.99999937015087,0.0,126.44424265623093,0.0,225.9999985885641,0.0,125.15766274929047,0.0,0,0,0,0,0,0.0,0,0,0,0,0,0,0,abeauty_1202,226,226,0,226,226,aggregate_lr5_last,0,0,0
158,158,0,790,0.3883916842060625,0,0,0,0,0,159,158,790,0,158,158,0,0.918821354944955,157.99999899942296,0.0,87.51963138580322,0.0,157.99999998865403,0.0,87.36990422010422,0.0,0,0,0,0,0,0.0,0,0,0,0,0,0,0,aboy_1202,158,158,0,158,158,aggregate_lr5_last,0,0,0
272,272,0,1317,1.3184857233820604,0,0,0,0,0,273,272,1317,0,263,272,0,0.9099240404249361,271.9999989806349,0.0,145.5309413075447,0.0,272.0000021771673,0.0,145.17741066217422,0.0,0,0,0,0,0,0.0,0,0,0,0,0,0,0,agirl_1202,263,272,0,272,272,aggregate_lr5_last,0,0,0
882,882,0,4400,5.659706234464427,0,0,0,0,0,883,882,4400,0,777,882,0,0.8669657949462239,882.0000018671905,0.0,431.19840663671494,0.0,882.0000000724493,0.0,428.09247267246246,0.0,0,0,0,0,0,0.0,0,0,0,0,0,0,0,ajiandan_blkdog,777,882,0,882,882,aggregate_lr5_last,0,0,0
30,28,144,958,85.82462178792808,4,0,24,143,1,175,174,958,0,23,28,146,0.13103166705490635,173.9999990890211,89.45864361589216,12.725838124752045,12.725838124752045,173.99999972924033,66.35257802663473,12.621190965175629,12.621190965175629,2,0,0,0,0,272292.37268124486,25,0,0,1,0,22,143,basketball,23,174,4,174,174,aggregate_lr5_last,98,0,23
66,63,23,502,19.346543978013592,0,0,6,23,2,110,109,502,0,0,66,43,0.48934110160420835,109.0,0.0,0.0,0.0,109.0,0.0,0.0,0.0,0,0,0,1,0,258664.83150313533,6,0,0,0,0,6,23,basketballshooting,0,109,0,109,109,aggregate_lr5_last,0,0,0
148,148,0,723,1.1135570392720209,0,0,0,0,0,150,149,723,0,102,148,1,0.8500433985975272,148.9999991322578,0.0,56.782263934612274,0.0,148.99999941057152,0.0,56.090183079242706,0.0,0,0,0,0,0,0.0,0,0,0,0,0,0,0,bike150,102,149,0,149,149,aggregate_lr5_last,0,0,0
268,268,10,1527,14.108069837751334,2,0,13,10,1,314,313,1527,0,48,268,45,0.6507037535155027,312.99999988180787,0.0,26.830296456813812,0.0,313.0000002689247,0.0,26.362656891345978,0.0,0,0,0,1,0,182027.99046965974,13,0,1,1,0,13,10,bikecoming,48,313,2,313,313,aggregate_lr5_last,0,0,0
224,224,2,1208,10.917597157088167,0,0,7,2,0,256,255,1208,0,114,224,31,0.7245245824745925,254.9999986316511,0.0,63.74627196788788,0.0,254.99999808046917,0.0,62.70466512441635,0.0,0,0,0,0,0,426499.2187827602,7,0,0,0,0,7,2,blackboy256,114,255,0,255,255,aggregate_lr5_last,0,0,0
291,274,20,1556,23.443160946030602,1,0,6,21,1,316,315,1556,0,184,291,24,0.7150888184983423,314.99999357202,0.0,102.25953811407089,0.0,315.0000013671047,0.0,101.18876767158508,0.0,0,0,0,1,0,798014.1456104531,6,0,1,0,0,6,21,blackman_0115,184,315,1,315,315,aggregate_lr5_last,0,0,0
111,111,0,555,0.8665966987462363,0,0,0,0,0,112,111,555,0,108,111,0,0.8570360375886568,111.00000054483813,0.0,59.97632038593292,0.0,110.99999941319831,0.0,59.30787283182144,0.0,0,0,0,0,0,0.0,0,0,0,0,0,0,0,blkbikecomes,108,111,0,111,111,aggregate_lr5_last,0,0,0
325,325,0,1640,2.7247226475304607,0,0,0,0,0,329,328,1640,0,289,325,3,0.8836935746415805,328.00000057004263,0.0,160.52177691459656,0.0,327.99999756636186,0.0,159.42791444063187,0.0,0,0,0,0,0,0.0,0,0,0,0,0,0,0,blkboy,289,328,0,328,328,aggregate_lr5_last,0,0,0
180,180,0,877,1.8363762781681026,0,0,0,0,0,181,180,877,0,165,180,0,0.892418396251467,179.999998814091,0.0,91.45007675886154,0.0,180.00000133629146,0.0,91.01161694526672,0.0,0,0,0,0,0,0.0,0,0,0,0,0,0,0,blkboywithbluebag,165,180,0,180,180,aggregate_lr5_last,0,0,0
432,427,8,2150,28.829144737421885,1,0,3,9,1,451,450,2150,0,175,432,18,0.7734025930639249,450.0000027364653,0.3867849941292027,97.15236783027649,0.5580923557281494,449.9999997085571,1.2704741978538003,96.09608989953995,0.5490531921386719,0,0,0,1,0,48412.154811932516,3,1,1,0,0,3,9,blkboywithumbrella,175,450,1,450,450,aggregate_lr5_last,2,0,1
390,390,0,1952,1.9479983133997743,0,0,0,0,0,392,391,1952,0,389,390,1,0.8815931292254288,391.0000005298933,0.0,216.87595117092133,0.0,391.00000081183805,0.0,213.6354353427887,0.0,0,0,0,0,0,0.0,0,0,0,0,0,0,0,blkcarfollowingwhite,389,391,0,391,391,aggregate_lr5_last,0,0,0
227,227,0,1063,1.5049127932779118,0,0,0,0,0,228,227,1063,0,145,227,0,0.8523028141446048,226.9999998770657,0.0,80.7274626493454,0.0,227.00000120519965,0.0,79.66116404533386,0.0,0,0,0,0,0,0.0,0,0,0,0,0,0,0,blueboybike,145,227,0,227,227,aggregate_lr5_last,0,0,0
454,454,0,2290,5.243981294978072,0,0,0,0,0,459,458,2290,0,458,454,4,0.90118191708849,457.99999891029023,0.0,255.16700369119644,0.0,458.0000016177875,0.0,251.99875700473785,0.0,0,0,0,0,0,0.0,0,0,0,0,0,0,0,bluelittletruck,458,458,0,458,458,aggregate_lr5_last,0,0,0
218,168,65,1349,62.929456905900395,5,0,36,68,4,247,246,1349,0,67,205,41,0.5333288130218592,245.99999742014083,0.0,37.1791952252388,0.0,246.00000062729876,0.0,36.90620642900467,0.0,13,0,0,4,0,5943768.219320999,36,2,4,1,0,23,68,boybackpack,67,246,5,246,246,aggregate_lr5_last,0,0,0
99,37,277,1859,202.15952653332,16,0,70,278,3,318,317,1859,0,0,89,228,0.08954050519105228,317.0,0.0,0.0,0.0,317.0,0.0,0.0,0.0,10,0,0,2,0,2143676.685385569,70,2,3,2,1,60,278,boybesidescarwithouthat,0,317,16,317,317,aggregate_lr5_last,0,0,0
211,206,51,1478,57.006516463158874,4,0,21,53,2,282,281,1478,0,63,211,70,0.559067890590223,281.00000062099735,0.0,35.16972953081131,0.0,280.99999945324066,0.0,34.780673146247864,0.0,0,0,0,1,0,8683191.775286032,21,2,3,0,0,21,53,boyfollowing,63,281,4,281,281,aggregate_lr5_last,0,0,0
756,756,0,3631,4.013468031789098,0,0,0,0,0,757,756,3631,0,678,756,0,0.8985838489051734,756.0000006300306,0.0,377.1927148103714,0.0,755.999997983925,0.0,373.3849664926529,0.0,0,0,0,0,0,0.0,0,0,0,0,0,0,0,boyinsnowfield4,678,756,0,756,756,aggregate_lr5_last,0,0,0
378,378,0,1800,3.2136886620103198,0,0,1,0,0,382,381,1800,0,337,378,3,0.8501756148257572,381.00000164994253,0.0,188.05436170101166,0.0,380.99999733782937,0.0,185.20521873235703,0.0,0,0,0,0,0,18834.635195195147,1,0,0,0,0,1,0,boyleave,337,381,0,381,381,aggregate_lr5_last,0,0,0
81,81,0,367,1.9867434255028686,0,0,0,0,0,83,82,367,0,21,81,1,0.7371686816208017,82.00000075939556,0.0,11.655386567115784,0.0,82.00000052598574,0.0,11.52728283405304,0.0,0,0,0,0,0,0.0,0,0,0,0,0,0,0,boyouttrees,21,82,0,82,82,aggregate_lr5_last,0,0,0
378,376,2,1918,6.995759920752821,0,0,1,2,0,386,385,1918,0,295,377,8,0.8182537991794323,384.9999990425043,0.0,164.1738383769989,0.0,384.9999992465172,0.0,162.59843969345093,0.0,1,0,0,0,0,396969.99818376766,1,0,0,0,0,0,2,boyrightrubbish,295,385,0,385,385,aggregate_lr5_last,0,0,0
158,156,3,773,4.48087014541554,0,0,1,3,0,161,158,768,0,90,158,1,0.779893603002138,157.9988108616719,0.0,50.04855078458786,0.0,157.98416218290188,0.0,49.50719165802002,0.0,0,0,0,0,0,15625.760101020103,1,0,0,0,0,1,3,boysback,91,160,0,159,159,aggregate_lr5_last,0,0,0
87,87,0,423,0.6063016420432918,0,0,0,0,0,88,87,423,0,80,87,0,0.851372253059251,87.00000059343489,0.0,44.46764850616455,0.0,87.00000044803619,0.0,43.92805224657059,0.0,0,0,0,0,0,0.0,0,0,0,0,0,0,0,boysitbike,80,87,0,87,87,aggregate_lr5_last,0,0,0
347,344,14,2140,24.566522879707016,1,0,26,14,1,441,440,2140,0,39,345,95,0.6625410313099966,440.00000776280206,0.0,21.521894931793213,0.0,440.0000002951528,0.0,21.395260214805603,0.0,2,0,0,1,0,2395583.2420974276,26,0,0,1,0,24,14,boysumbrella,39,440,1,440,440,aggregate_lr5_last,0,0,0
330,306,434,4906,137.2474960349104,8,0,396,434,7,809,808,4906,0,101,313,495,0.32576795945812137,807.9999887164407,0.0,56.11495661735535,0.0,807.9999993414398,0.0,55.434463918209076,0.0,17,0,0,6,1,43834652.66509284,398,0,3,2,0,379,434,boytakepath,101,808,8,808,808,aggregate_lr5_last,0,0,0
391,391,0,1939,4.463465071803536,0,0,0,0,0,392,391,1939,0,391,391,0,0.8300640130157807,391.00000060358445,0.0,218.83494329452515,0.0,390.99999801892415,0.0,215.24277371168137,0.0,0,0,0,0,0,0.0,0,0,0,0,0,0,0,browncarturn,391,391,0,391,391,aggregate_lr5_last,0,0,0
140,140,0,678,0.42272294550700684,0,0,0,0,0,141,140,678,0,136,140,0,0.8963679419612027,140.00000032233,0.0,75.7851373553276,0.0,140.0000006290345,0.0,74.76228719949722,0.0,0,0,0,0,0,0.0,0,0,0,0,0,0,0,carcomeonlight2,136,140,0,140,140,aggregate_lr5_last,0,0,0
157,157,0,707,2.51618209218125,0,0,0,0,0,158,157,707,0,115,157,0,0.8069549458423841,156.99999854845538,0.0,63.85710859298706,0.0,156.99999948945654,0.0,63.18622988462448,0.0,0,0,0,0,0,0.0,0,0,0,0,0,0,0,comebike,115,157,0,157,157,aggregate_lr5_last,0,0,0
722,528,394,5065,630.5771218179348,11,0,86,396,9,930,929,5065,0,0,720,209,0.46088625965964874,929.0,0.0,0.0,0.0,929.0,0.0,0.0,0.0,2,0,0,9,0,31508375.950350236,86,4,4,2,2,84,396,dotat43,0,929,11,929,929,aggregate_lr5_last,0,0,0
52,52,0,260,0.6535518615260475,0,0,0,0,0,53,52,260,0,29,52,0,0.8691859459054541,52.00000022471192,0.0,16.207950174808502,0.0,51.999999988801186,0.0,15.973373651504517,0.0,0,0,0,0,0,0.0,0,0,0,0,0,0,0,downmoto,29,52,0,52,52,aggregate_lr5_last,0,0,0
193,193,0,917,1.0308799180347736,0,0,0,0,0,195,193,912,0,0,193,0,0.8399379213944277,193.0,0.0,0.0,0.0,193.0,0.0,0.0,0.0,0,0,0,0,0,0.0,0,0,0,0,0,0,0,easy_4women,0,194,0,193,193,aggregate_lr5_last,0,0,0
265,265,0,1319,3.648113166768528,0,0,0,0,0,266,265,1319,0,265,265,0,0.8579091003792199,265.000000713801,0.0,147.2434988617897,0.0,265.00000200656126,0.0,145.89728289842606,0.0,0,0,0,0,0,0.0,0,0,0,0,0,0,0,elector_0115,265,265,0,265,265,aggregate_lr5_last,0,0,0
751,689,216,5274,213.5226090911779,23,0,13,225,9,1161,1160,5274,0,152,750,410,0.5291787025231639,1159.999985941039,63.71198221305675,84.27174735069275,7.203665137290955,1159.999971563152,51.78363293869904,83.57406437397003,7.145838379859924,1,0,0,9,0,1188666.6837935776,13,8,12,8,1,12,225,exercisebook,152,1160,23,1160,1160,aggregate_lr5_last,73,0,13
149,148,1,671,1.1315679150668994,1,0,1,0,0,151,150,671,0,32,149,1,0.8345162037964048,150.00000016132543,0.0,17.740295112133026,0.0,149.9999999576289,0.0,17.577357172966003,0.0,0,0,0,0,0,6357.292358919921,1,0,0,1,1,1,0,folddenumbrellainhand,32,150,1,150,150,aggregate_lr5_last,0,0,0
108,108,0,513,1.4288518847968779,0,0,0,0,0,109,108,513,0,97,108,0,0.8323307466873144,107.99999919854768,0.0,54.12968164682388,0.0,108.00000201075895,0.0,53.302373230457306,0.0,0,0,0,0,0,0.0,0,0,0,0,0,0,0,girlbike,97,108,0,108,108,aggregate_lr5_last,0,0,0
286,70,313,1866,375.4720870543126,1,0,2,313,1,388,387,1866,0,345,284,103,0.15711250388597076,386.9999997489655,309.4279983539446,191.31237143278122,150.7226837873459,387.000001416051,305.5332146124819,189.57377171516418,149.448273062706,2,0,0,0,0,52404.246184422496,2,0,0,0,0,0,313,girlblack,345,387,1,387,387,aggregate_lr5_last,312,0,272
54,54,1,315,4.899253642614617,1,0,5,1,0,67,66,315,0,0,54,12,0.6670747948543521,66.0,0.0,0.0,0.0,66.0,0.0,0.0,0.0,0,0,0,0,0,167393.01725251175,5,0,0,1,0,5,1,girlintrees,0,66,1,66,66,aggregate_lr5_last,0,0,0
285,285,5,1445,9.02383608681684,0,0,1,5,1,307,306,1445,0,236,285,21,0.761182552496252,305.9999986397527,0.0,130.66430205106735,0.0,305.9999990626022,0.0,130.0769937634468,0.0,0,0,0,1,0,505834.0092095965,1,0,0,0,0,1,5,girlwithredhat,236,306,0,306,306,aggregate_lr5_last,0,0,0
208,208,0,1250,5.025797201132154,1,0,25,0,0,244,216,990,0,212,208,8,0.8139526502767717,216.0000012477148,0.0,117.96802771091461,0.0,216.00000032560914,0.0,116.54365909099579,0.0,0,0,0,0,0,9474345.547692738,25,0,0,0,0,0,0,guardatbike_ab,212,243,0,216,216,aggregate_lr5_last,0,0,0
71,66,44,611,19.024272746919678,0,0,16,44,1,116,115,611,0,50,69,46,0.5151987766942705,115.00000048387392,0.0,27.803643107414246,0.0,114.99999931813103,0.0,27.47259783744812,0.0,2,0,0,0,0,1403539.0622042718,16,0,0,0,0,14,44,guardman,50,115,0,115,115,aggregate_lr5_last,0,0,0
829,819,718,10377,280.0875237255962,11,0,641,717,10,1611,1610,10377,0,97,826,784,0.4186193289833894,1609.9999798077397,0.0,53.48524111509323,0.0,1610.0000143893233,0.0,53.32816195487976,0.0,3,0,0,9,0,32795153.264258914,642,0,1,2,0,638,717,leftbasketball,97,1610,11,1610,1610,aggregate_lr5_last,0,0,0
404,404,0,1989,14.864966848446677,0,0,0,0,0,405,404,1989,0,216,404,0,0.8384123397586694,404.0000047058751,0.0,120.09581381082535,0.0,404.000001636112,0.0,118.68159973621368,0.0,0,0,0,0,0,0.0,0,0,0,0,0,0,0,leftof2girls,216,404,0,404,404,aggregate_lr5_last,0,0,0
223,220,44,1521,30.813400225581262,6,0,52,44,1,286,285,1521,0,37,220,65,0.6180453269120584,285.0000061255901,0.0,20.70231956243515,0.0,285.0000031193819,0.0,20.315087258815765,0.0,3,0,0,0,0,5356426.013494926,52,0,0,0,0,49,44,lonelyman,37,285,6,285,285,aggregate_lr5_last,0,0,0
150,150,0,741,5.075184057561723,0,0,0,0,0,151,150,741,0,97,150,0,0.7402850068231571,149.9999993845492,0.0,53.897407948970795,0.0,150.0000004681358,0.0,53.367836594581604,0.0,0,0,0,0,0,0.0,0,0,0,0,0,0,0,man,97,150,0,150,150,aggregate_lr5_last,0,0,0
390,378,72,2463,47.381687914493845,4,0,38,73,3,505,504,2463,0,26,387,117,0.5938962430641069,503.99999625946003,0.0,14.472160577774048,0.0,503.99998887633205,0.0,14.302341520786285,0.0,3,0,0,3,0,8422918.116101654,38,1,3,1,0,35,73,man2startmoto,26,504,4,504,504,aggregate_lr5_last,0,0,0
43,39,56,763,19.576194083463314,4,0,57,55,1,100,99,763,0,2,40,59,0.3126470750791284,99.0,0.0,1.1037405729293823,0.0,98.999999076128,0.0,1.097426176071167,0.0,3,0,0,0,0,968530.2049270498,57,0,1,2,1,54,55,manafetrtrees,2,99,4,99,99,aggregate_lr5_last,0,0,0
202,202,0,976,3.4953715933130063,0,0,0,0,0,204,203,976,0,114,202,1,0.7694537547191134,202.9999998831469,0.0,63.41119223833084,0.0,203.00000152938608,0.0,62.626828253269196,0.0,0,0,0,0,0,0.0,0,0,0,0,0,0,0,meituanbike,114,203,0,203,203,aggregate_lr5_last,0,0,0
298,297,1,1346,11.145728541222283,0,0,1,1,0,309,308,1346,0,113,297,11,0.7149331935232756,307.99999909638217,0.0,62.847101867198944,0.0,308.00000066395626,0.0,62.08659374713898,0.0,1,0,0,0,0,9792.506823189962,1,0,0,0,0,0,1,moto2north2,113,308,0,308,308,aggregate_lr5_last,0,0,0
77,77,0,349,0.22052432184600254,0,0,0,0,0,78,77,349,0,72,77,0,0.9107133650701199,77.00000063516006,0.0,40.05953884124756,0.0,77.00000000955204,0.0,39.62735599279404,0.0,0,0,0,0,0,0.0,0,0,0,0,0,0,0,moto78,72,77,0,77,77,aggregate_lr5_last,0,0,0
127,126,0,654,7.4870048470690875,1,0,11,0,0,139,138,654,0,48,126,12,0.7292879603699866,138.00000047165605,0.0,26.69108784198761,0.0,138.00000034159999,0.0,26.369812488555908,0.0,1,0,0,0,0,101380.76845243822,11,0,1,0,0,10,0,motobesidescar,48,138,1,138,138,aggregate_lr5_last,0,0,0
114,114,0,533,3.2532173850566997,0,0,0,0,0,117,116,533,0,42,114,2,0.7713575990916413,115.99999703871389,0.0,23.43795657157898,0.0,116.00000005455995,0.0,23.053168892860413,0.0,0,0,0,0,0,0.0,0,0,0,0,0,0,0,motocome,42,116,0,116,116,aggregate_lr5_last,0,0,0
90,90,0,433,0.585395029039211,0,0,0,0,0,91,90,433,0,83,90,0,0.8547807163996908,89.99999951155637,0.0,46.224894762039185,0.0,90.00000001657563,0.0,45.5642249584198,0.0,0,0,0,0,0,0.0,0,0,0,0,0,0,0,motocomenight,83,90,0,90,90,aggregate_lr5_last,0,0,0
88,88,0,431,0.7533433011963279,0,0,0,0,0,89,88,431,0,88,88,0,0.8838905273593011,88.00000033561963,0.0,49.02583056688309,0.0,88.00000037267446,0.0,48.319995641708374,0.0,0,0,0,0,0,0.0,0,0,0,0,0,0,0,motowithgood,88,88,0,88,88,aggregate_lr5_last,0,0,0
109,109,0,514,1.7682163592237496,0,0,0,0,0,110,109,514,0,88,109,0,0.8184952418798863,109.00000121164426,0.0,49.06281381845474,0.0,108.99999924714288,0.0,48.32669061422348,0.0,0,0,0,0,0,0.0,0,0,0,0,0,0,0,nightmototurn,88,109,0,109,109,aggregate_lr5_last,0,0,0
458,454,2,2777,46.06052558804145,1,0,6,2,0,603,602,2777,0,108,458,144,0.6843963923004553,601.9999888070769,0.0,59.812120854854584,0.0,601.9999973260954,0.0,59.507563412189484,0.0,0,0,0,0,0,672116.8498945388,6,0,1,0,0,6,2,openthisexersicebook,108,602,1,602,602,aggregate_lr5_last,0,0,0
1536,1392,379,9722,448.3864234813858,16,0,22,384,11,2110,2109,9722,0,658,1532,577,0.5677226380960035,2108.999985931564,395.8687153067004,365.60186463594437,52.11397212743759,2109.000004677478,435.9596750854923,361.83349376916885,51.68385565280914,4,0,0,11,0,3684264.149371275,22,6,10,6,2,18,384,outer2leftmirrorback,658,2109,16,2109,2109,aggregate_lr5_last,451,0,94
255,255,0,1241,0.7359296953426462,0,0,0,0,0,256,255,1241,0,237,255,0,0.8959305855441501,254.99999896562144,0.0,131.80057030916214,0.0,255.00000004769328,0.0,130.36290782690048,0.0,0,0,0,0,0,0.0,0,0,0,0,0,0,0,redshirtman,237,255,0,255,255,aggregate_lr5_last,0,0,0
469,326,430,4083,323.5902503154749,25,0,35,434,10,840,839,4083,0,2,451,388,0.3472117538041562,838.9999772455361,0.0,1.1074877977371216,0.0,838.9999787422894,0.0,1.1023476123809814,0.0,18,0,0,10,2,2166456.15866757,35,5,12,7,5,17,434,rightbiggreenboy,2,839,25,839,839,aggregate_lr5_last,0,0,0
303,291,67,2004,64.44370379234903,1,0,48,68,1,360,359,2004,0,69,302,57,0.6215685711220513,359.0000113802854,0.0,38.39860934019089,0.0,358.99999686669275,0.0,37.98796856403351,0.0,1,0,0,0,0,3782552.9643470338,49,1,1,0,0,47,68,rightboy`shead,69,359,1,359,359,aggregate_lr5_last,0,0,0
1040,1035,0,5605,41.03409072643039,0,0,26,0,0,1096,1052,5300,0,958,1039,13,0.8448266415234917,1051.9999976083363,0.0,534.1805937886238,0.0,1051.999994526589,0.0,528.1466217041016,0.0,1,0,0,0,0,11114655.621233003,26,0,0,0,0,7,0,rightholdball1096,958,1095,0,1052,1052,aggregate_lr5_last,0,0,0
501,501,3,2535,14.841945477684993,2,0,2,4,1,506,505,2535,0,493,501,4,0.8841335816105964,505.0000012113093,0.0,274.39683854579926,0.0,505.000000455814,0.0,272.51301670074463,0.0,0,0,0,1,0,1181822.3183772552,2,1,2,0,0,2,4,rightredboy,493,505,2,505,505,aggregate_lr5_last,0,0,0
742,730,185,4441,127.80665339142742,3,0,11,188,2,948,947,4441,0,516,742,205,0.6390849458257567,947.0000017695857,0.0,285.42431312799454,0.0,947.0000037741058,0.0,283.4562566280365,0.0,0,0,0,1,0,869082.6735763294,11,1,3,0,0,11,188,rightshiningmirror,516,947,3,947,947,aggregate_lr5_last,0,0,0
1467,1435,155,7970,159.38447992687026,0,0,0,155,1,1602,1601,7970,0,1568,1467,134,0.7769705074524773,1601.0000024457383,142.98813525619934,871.8637520074844,85.0879618525505,1601.0000001653204,154.01994338924897,866.329903960228,84.52669984102249,0,0,0,1,0,0.0,0,0,0,0,0,0,155,righttallnine-gai,1568,1601,0,1601,1601,aggregate_lr5_last,156,0,153
272,272,0,1353,3.0359034112111036,0,0,0,0,0,273,272,1353,0,272,272,0,0.8389378705851547,272.0000004245036,0.0,150.64296126365662,0.0,271.9999991537825,0.0,149.59050458669662,0.0,0,0,0,0,0,0.0,0,0,0,0,0,0,0,rightwhite_1227,272,272,0,272,272,aggregate_lr5_last,0,0,0
408,403,6,2032,8.965541635361777,1,0,7,5,0,412,411,2032,0,342,406,5,0.8402122943403856,411.0000028469063,0.0,190.87148690223694,0.0,411.0000007227847,0.0,188.14655888080597,0.0,2,0,0,0,0,280402.01485979557,7,0,0,1,0,5,5,stripeman,342,411,1,411,411,aggregate_lr5_last,0,0,0
236,215,31,1245,53.42798348998913,5,0,6,31,2,260,259,1245,0,43,233,26,0.6568142590809026,258.9999994610702,0.0,23.898465394973755,0.0,259.0000005209767,0.0,23.61519181728363,0.0,3,0,0,2,1,163995.99388353963,6,1,2,2,0,3,31,stubesideswhitecar,43,259,5,259,259,aggregate_lr5_last,0,0,0
390,384,26,1935,43.49864844379831,1,0,6,26,2,443,442,1935,0,109,390,52,0.7125200814156766,441.9999955504881,0.0,60.59945064783096,0.0,441.99999542110265,0.0,59.8828951716423,0.0,0,0,0,2,0,117650.93063887251,6,0,0,0,0,6,26,suitcase,109,442,1,442,442,aggregate_lr5_last,0,0,0
116,116,0,548,1.4247866243701635,0,0,0,0,0,117,116,548,0,110,116,0,0.8363580309761753,116.0000001193928,0.0,61.12275421619415,0.0,115.999999811766,0.0,60.37656360864639,0.0,0,0,0,0,0,0.0,0,0,0,0,0,0,0,take-out-motocoming,110,116,0,116,116,aggregate_lr5_last,0,0,0
306,306,0,1477,4.7728734191225595,0,0,1,0,0,307,306,1477,0,287,306,0,0.8424263542488526,306.0000018682615,0.0,160.05574584007263,0.0,306.0000009357203,0.0,157.60743594169617,0.0,0,0,0,0,0,32321.562967725033,1,0,0,0,0,1,0,tallboyblack,287,306,0,306,306,aggregate_lr5_last,0,0,0
148,148,1,714,2.856043667708212,0,0,0,1,0,150,149,714,0,100,148,1,0.8311820627832671,148.99999866461658,0.0,55.699607849121094,0.0,148.9999976427672,0.0,54.91361600160599,0.0,0,0,0,0,0,0.0,0,0,0,0,0,0,1,turnblkbike,100,149,0,149,149,aggregate_lr5_last,0,0,0
192,192,0,821,1.3779477453390507,0,0,0,0,0,193,192,821,0,93,192,0,0.8352130423723535,192.0000008442767,0.0,51.54597592353821,0.0,192.0000001256498,0.0,51.15865135192871,0.0,0,0,0,0,0,0.0,0,0,0,0,0,0,0,unbrellainbike,93,192,0,192,192,aggregate_lr5_last,0,0,0
7,7,239,1765,105.0522093960343,5,0,136,240,1,251,250,1765,0,5,7,243,0.03015001481014191,249.9999994995983,0.0,2.7822030186653137,0.0,249.99999721647558,0.0,2.749322235584259,0.0,0,0,0,0,0,9798741.431554334,137,0,1,0,0,136,240,waiterontheothersideofwindow,5,250,5,250,250,aggregate_lr5_last,0,0,0
964,957,135,5946,48.592431805868,2,0,151,134,1,1117,1116,5946,0,581,957,159,0.7229849327646133,1116.000007142998,0.0,322.8369836807251,0.0,1116.0000070683002,0.0,319.00524961948395,0.0,7,0,0,1,0,7154672.448874147,151,0,0,1,0,144,134,whiteaftertrees,581,1116,2,1116,1116,aggregate_lr5_last,0,0,0
166,166,1,746,2.6211593519677745,0,0,0,1,0,169,168,746,0,84,166,2,0.8217108404463891,168.0000022412437,0.0,46.92180407047272,0.0,167.99999909873227,0.0,46.262846410274506,0.0,0,0,0,0,0,0.0,0,0,0,0,0,0,1,whiteatright,84,168,0,168,168,aggregate_lr5_last,0,0,0
101,101,0,494,1.7514902239534709,0,0,0,0,0,102,101,494,0,96,101,0,0.7898482653691828,101.00000024977307,0.0,53.60470223426819,0.0,100.99999994712726,0.0,52.7984334230423,0.0,0,0,0,0,0,0.0,0,0,0,0,0,0,0,whiteblcakwoman,96,101,0,101,101,aggregate_lr5_last,0,0,0
84,84,0,414,0.4493340096797772,0,0,0,0,0,85,84,414,0,84,84,0,0.9154633034443235,84.00000099717619,0.0,46.97973299026489,0.0,84.00000022032941,0.0,46.14799392223358,0.0,0,0,0,0,0,0.0,0,0,0,0,0,0,0,whitecarafterbike,84,84,0,84,84,aggregate_lr5_last,0,0,0
112,112,0,560,2.219001503987476,0,0,0,0,0,113,112,560,0,112,112,0,0.915594837694539,112.00000013826772,0.0,62.82923412322998,0.0,111.99999903561131,0.0,61.72663366794586,0.0,0,0,0,0,0,0.0,0,0,0,0,0,0,0,whitecarcome,112,112,0,112,112,aggregate_lr5_last,0,0,0
149,149,0,745,2.027416008112806,0,0,0,0,0,150,149,745,0,149,149,0,0.9253347939048521,149.0000006199974,0.0,83.27247774600983,0.0,149.00000011087994,0.0,81.83148074150085,0.0,0,0,0,0,0,0.0,0,0,0,0,0,0,0,whitecarcoming,149,149,0,149,149,aggregate_lr5_last,0,0,0
347,347,0,1627,1.8231524138429824,0,0,0,0,0,348,347,1627,0,316,347,0,0.8910893902382916,346.99999910758044,0.0,175.88512533903122,0.0,347.0000003367201,0.0,173.71977192163467,0.0,0,0,0,0,0,0.0,0,0,0,0,0,0,0,whitemancome,316,347,0,347,347,aggregate_lr5_last,0,0,0
110,110,0,439,0.5199445336853775,0,0,0,0,0,111,110,439,0,43,110,0,0.8393328306801819,109.99999971723027,0.0,23.988535344600677,0.0,109.99999926471732,0.0,23.611509323120117,0.0,0,0,0,0,0,0.0,0,0,0,0,0,0,0,womanongrass,43,110,0,110,110,aggregate_lr5_last,0,0,0
126,126,0,632,5.709676687432243,0,0,2,0,0,143,142,632,0,58,126,16,0.7186439464810761,141.99999977485976,0.0,32.09425014257431,0.0,141.9999990791783,0.0,31.91368156671524,0.0,0,0,0,0,0,213205.34973856434,2,0,0,0,0,2,0,yellowexcesicebook,58,142,0,142,142,aggregate_lr5_last,0,0,0
327,327,0,1583,11.351401584897907,0,0,0,0,0,333,332,1583,0,93,327,5,0.7931903014780743,331.9999933662276,0.0,7.070459365844727,0.0,332.0,0.0,0.0,0.0,0,0,0,0,0,0.0,0,0,0,0,0,0,0,10rightblackboy,93,332,0,332,332,old_lr3_last,0,0,0
223,223,0,1106,8.78119687835102,0,0,0,0,0,224,223,1106,0,207,223,0,0.8600760023328342,223.00000302793728,0.0,2.5094500184059143,0.0,223.0,0.0,0.0,0.0,0,0,0,0,0,0.0,0,0,0,0,0,0,0,1boygo,207,223,0,223,223,old_lr3_last,0,0,0
131,130,0,698,12.567276285783421,2,0,17,0,0,138,137,698,0,0,130,7,0.7025607027549792,137.0,0.0,0.0,0.0,137.0,0.0,0.0,0.0,1,0,0,0,0,305249.7157982295,17,0,2,0,0,16,0,2girlgoleft,0,137,2,137,137,old_lr3_last,0,0,0
121,121,0,569,6.431282687704204,1,0,11,0,0,122,121,569,0,19,121,0,0.8306628458415183,121.0,0.0,0.0,0.0,121.0,0.0,0.0,0.0,0,0,0,0,0,208760.87577247497,11,0,1,0,0,11,0,2outdark,19,121,1,121,121,old_lr3_last,0,0,0
134,134,0,654,8.179989336190758,0,0,0,0,0,135,134,654,0,134,134,0,0.8680172148835827,133.99999955185248,0.0,2.001655340194702,0.0,134.0,0.0,0.0,0.0,0,0,0,0,0,0.0,0,0,0,0,0,0,0,2rdtribike,134,134,0,134,134,old_lr3_last,0,0,0
163,63,348,4186,202.28393069403677,68,0,430,357,4,449,448,4186,0,0,127,321,0.11895540311338235,448.0,0.0,0.0,0.0,448.0,0.0,0.0,0.0,36,0,0,3,3,12323816.10601368,430,7,25,7,3,394,357,3whitemen,0,448,68,448,448,old_lr3_last,0,0,0
191,191,0,1171,21.12774290601058,5,0,44,0,0,192,191,1171,0,14,191,0,0.8286549610692557,191.0,0.0,0.0,0.0,191.0,0.0,0.0,0.0,0,0,0,0,0,2523393.0705083353,44,0,5,0,0,44,0,4one,14,191,5,191,191,old_lr3_last,0,0,0
183,183,0,1024,14.250306543519564,6,0,22,0,0,184,183,1024,0,108,183,0,0.8390156833143895,183.0,0.0,0.0,0.0,183.0,0.0,0.0,0.0,0,0,0,0,0,2034141.9805021388,22,0,4,2,0,22,0,4two,108,183,6,183,183,old_lr3_last,0,0,0
123,104,19,669,25.024321083413017,6,0,18,19,1,124,123,669,2,96,121,2,0.6658667305375565,122.99999773069236,0.0,19.677527725696564,0.0,123.0,0.0,0.0,0.0,2,2,2,1,0,6460926.508739133,18,0,0,0,0,16,19,9whitegirl,96,123,6,123,123,old_lr3_last,0,2,0
647,591,383,6005,331.14600146289763,40,0,265,384,4,986,985,6005,0,221,645,340,0.4601700477205346,984.9999782083379,188.95182052932984,51.74577897787094,7.080099582672119,985.0,0.5028896331787109,0.5028896331787109,0.5028896331787109,2,0,0,4,0,15712480.079187527,265,2,17,12,2,263,384,Aboydownbike,221,985,40,985,985,old_lr3_last,242,0,67
7617,7046,700,53941,1671.1334212435427,1254,1,3359,775,50,8406,8393,53827,1,724,7198,1195,0.6636381360642982,8393.0,0.0,0.5021855235099792,0.0,8393.0,0.0,0.0,0.0,419,1,1,50,72,659887426.6251334,3361,77,855,342,13,2928,775,ab_bolster,724,8405,1251,8393,8393,old_lr3_last,0,0,0
163,159,6,895,8.307415945114913,4,0,13,7,1,172,168,865,0,95,162,6,0.799869910152749,167.9999995793745,0.0,21.198472797870636,0.0,168.0,0.0,0.0,0.0,1,0,0,1,0,361497.23257545213,13,1,2,0,0,9,7,ab_motocometurn,95,171,4,168,168,old_lr3_last,0,0,0
56,50,3,369,5.587400258134167,2,0,10,3,1,65,64,369,0,49,50,14,0.743449443710205,64.00000012215065,0.0,7.06278669834137,0.0,64.0,0.0,0.0,0.0,6,0,0,1,1,765442.9866409505,10,0,0,2,0,4,3,ab_mototurn,49,64,2,64,64,old_lr3_last,0,0,0
5398,4088,1992,39386,2618.0633624027705,1045,0,1790,2049,74,6981,6980,39386,8,2073,4975,2005,0.5181194860148128,6980.0,0.0,0.0,0.0,6980.0,0.0,0.0,0.0,423,8,8,74,194,233582129.42757642,1790,134,505,476,104,1367,2049,ab_rightcupcoming_infwhite_quezhen,2073,6980,1045,6980,6980,old_lr3_last,1870,8,804
226,226,0,1088,8.48181674219347,0,0,0,0,0,227,226,1088,0,226,226,0,0.8147495766241794,226.00000006546517,0.0,89.8206775188446,0.0,226.0,0.0,0.0,0.0,0,0,0,0,0,0.0,0,0,0,0,0,0,0,abeauty_1202,226,226,0,226,226,old_lr3_last,0,0,0
158,158,0,790,3.4366119059485483,0,0,0,0,0,159,158,790,0,158,158,0,0.918821354944955,158.0,0.0,0.0,0.0,158.0,0.0,0.0,0.0,0,0,0,0,0,0.0,0,0,0,0,0,0,0,aboy_1202,158,158,0,158,158,old_lr3_last,0,0,0
272,272,0,1322,10.194386147495242,0,0,1,0,0,273,272,1322,0,263,272,0,0.9099240404249361,272.0,0.0,0.0,0.0,272.0,0.0,0.0,0.0,0,0,0,0,0,112736.87894258082,1,0,0,0,0,1,0,agirl_1202,263,272,0,272,272,old_lr3_last,0,0,0
882,882,0,4410,18.29703989122936,0,0,2,0,0,883,882,4410,0,777,882,0,0.8669657949462239,882.0,0.0,0.0,0.0,882.0,0.0,0.0,0.0,0,0,0,0,0,25246.420879501384,2,0,0,0,0,2,0,ajiandan_blkdog,777,882,0,882,882,old_lr3_last,0,0,0
138,122,49,1070,20.588263744952958,17,0,56,40,2,175,174,1070,0,12,124,50,0.5933279894433694,174.0,0.0,0.0,0.0,174.0,0.0,0.0,0.0,14,0,0,1,6,370699.680044963,56,0,2,9,7,42,40,basketball,12,174,17,174,174,old_lr3_last,0,0,0
66,59,42,873,34.94672598058408,21,0,76,44,3,110,109,873,0,0,61,48,0.39114567352423035,109.0,0.0,0.0,0.0,109.0,0.0,0.0,0.0,5,0,0,2,0,2803238.6300864713,76,1,14,3,0,71,44,basketballshooting,0,109,21,109,109,old_lr3_last,0,0,0
149,148,0,733,3.2410500957368256,0,0,2,0,0,150,149,733,0,102,148,1,0.8500433985975272,149.00000083018378,0.0,12.556799411773682,0.0,149.0,0.0,0.0,0.0,1,0,0,0,0,33899.93850897124,2,0,0,0,0,1,0,bike150,102,149,0,149,149,old_lr3_last,0,0,0
270,268,13,2356,57.82231808804515,8,0,179,16,1,314,313,2356,0,48,268,45,0.6430292012228584,313.0000002524619,0.0,18.249298810958862,0.0,313.0,0.0,0.0,0.0,2,0,0,1,0,3479201.7079767124,179,2,6,1,0,177,16,bikecoming,48,313,8,313,313,old_lr3_last,0,0,0
229,224,2,1297,19.603663543735884,1,0,25,2,0,256,255,1297,0,114,224,31,0.724525982580833,254.99999834303907,0.0,49.796775102615356,0.0,255.0,0.0,0.0,0.0,5,0,0,0,0,1820523.35276075,25,0,1,0,0,20,2,blackboy256,114,255,1,255,255,old_lr3_last,0,0,0
291,290,3,1715,34.985832721942785,1,0,39,3,0,316,315,1715,0,184,290,25,0.7571254794693266,314.9999989196924,0.0,1.5104791522026062,0.0,315.0,0.0,0.0,0.0,1,0,0,0,0,5037109.505164468,39,0,1,0,0,38,3,blackman_0115,184,315,1,315,315,old_lr3_last,0,0,0
111,111,0,555,1.7935282626797548,0,0,0,0,0,112,111,555,0,108,111,0,0.8570360375886568,111.0,0.0,0.0,0.0,111.0,0.0,0.0,0.0,0,0,0,0,0,0.0,0,0,0,0,0,0,0,blkbikecomes,108,111,0,111,111,old_lr3_last,0,0,0
325,325,0,1640,21.774501957218828,0,0,0,0,0,329,328,1640,0,289,325,3,0.8836935746415805,327.9999937756835,0.0,5.533993601799011,0.0,328.0,0.0,0.0,0.0,0,0,0,0,0,0.0,0,0,0,0,0,0,0,blkboy,289,328,0,328,328,old_lr3_last,0,0,0
180,180,0,877,12.110990855953368,0,0,0,0,0,181,180,877,0,165,180,0,0.892418396251467,180.0,0.0,0.0,0.0,180.0,0.0,0.0,0.0,0,0,0,0,0,0.0,0,0,0,0,0,0,0,blkboywithbluebag,165,180,0,180,180,old_lr3_last,0,0,0
438,431,3,2264,55.165652733705244,4,0,24,4,1,451,450,2264,0,175,433,17,0.7791910547252567,450.0000021457672,0.0,0.5030127763748169,0.0,450.0,0.0,0.0,0.0,5,0,0,1,2,403538.94138038356,24,1,2,2,0,19,4,blkboywithumbrella,175,450,4,450,450,old_lr3_last,2,0,1
390,390,0,1952,11.100186510857174,0,1,0,0,0,392,391,1952,1,388,390,1,0.8816054935509403,391.00000102243,0.0,104.94748800992966,0.0,391.0,0.0,0.0,0.0,0,1,1,0,0,0.0,0,0,0,0,0,0,0,blkcarfollowingwhite,388,391,0,391,391,old_lr3_last,0,0,0
227,227,0,1063,6.76478667160079,0,0,0,0,0,228,227,1063,0,145,227,0,0.8523028141446048,226.99999797205987,0.0,21.71218252182007,0.0,227.0,0.0,0.0,0.0,0,0,0,0,0,0.0,0,0,0,0,0,0,0,blueboybike,145,227,0,227,227,old_lr3_last,0,0,0
454,454,0,2290,20.20462371018322,0,0,0,0,0,459,458,2290,0,458,454,4,0.90118191708849,458.0000009475666,0.0,58.98654663562775,0.0,458.0,0.0,0.0,0.0,0,0,0,0,0,0.0,0,0,0,0,0,0,0,bluelittletruck,458,458,0,458,458,old_lr3_last,0,0,0
228,152,85,1720,91.43159651165625,18,1,111,90,4,247,246,1720,1,64,200,46,0.4749612605985533,245.99999946251037,0.0,2.519867420196533,0.0,246.0,0.0,0.0,0.0,28,1,1,4,1,20665655.19174807,111,6,8,4,2,83,90,boybackpack,64,246,18,246,246,old_lr3_last,0,0,0
204,140,172,2638,185.15779682530783,105,0,227,194,8,318,317,2638,0,0,179,138,0.2867691726660736,317.0,0.0,0.0,0.0,317.0,0.0,0.0,0.0,25,0,0,7,5,6464049.935052602,227,28,44,17,6,202,194,boybesidescarwithouthat,0,317,105,317,317,old_lr3_last,0,0,0
207,205,55,1968,57.98720370697336,10,0,120,54,2,282,281,1968,0,63,206,75,0.563900350318553,281.0000104207162,0.0,15.686643064022064,0.0,281.0,0.0,0.0,0.0,1,0,0,1,0,50715139.852029756,120,1,3,4,0,119,54,boyfollowing,63,281,10,281,281,old_lr3_last,0,0,0
756,756,0,3631,30.386370767394034,0,1,0,0,0,757,756,3631,1,677,756,0,0.8985835351381075,755.999999280779,0.0,31.259069621562958,0.0,756.0000002235174,0.0,0.5057617425918579,0.0,0,1,1,0,0,0.0,0,0,0,0,0,0,0,boyinsnowfield4,677,756,0,756,756,old_lr3_last,0,0,0
379,378,0,1830,15.076355886513715,0,0,7,0,0,382,381,1830,0,337,378,3,0.8501756148257572,381.00000510791955,0.0,91.39680969715118,0.0,381.0,0.0,0.0,0.0,1,0,0,0,0,130343.44309051149,7,0,0,0,0,6,0,boyleave,337,381,0,381,381,old_lr3_last,0,0,0
81,81,0,373,2.216107134213702,1,0,1,0,0,83,82,373,0,21,81,1,0.7382034971124936,82.0,0.0,0.0,0.0,82.0,0.0,0.0,0.0,0,0,0,0,0,61494.10352812684,1,0,0,1,0,1,0,boyouttrees,21,82,1,82,82,old_lr3_last,0,0,0
384,376,0,2032,24.18386003451413,4,0,24,1,0,386,385,2032,0,295,378,7,0.8200381443052269,385.0000022944669,0.0,15.572861969470978,0.0,385.0,0.0,0.0,0.0,6,0,0,0,2,9985365.548202673,24,1,1,3,0,18,1,boyrightrubbish,295,385,4,385,385,old_lr3_last,0,0,0
127,124,35,971,15.452366969321407,1,0,37,36,1,161,158,966,0,90,126,33,0.6330192535115567,158.99999972269575,0.0,1.0020959973335266,0.0,159.0,0.0,0.0,0.0,1,0,0,0,0,592173.9305733581,37,1,1,0,0,36,36,boysback,91,160,1,159,159,old_lr3_last,0,0,0
87,87,0,423,4.015345356799223,0,0,0,0,0,88,87,423,0,80,87,0,0.851372253059251,87.0,0.0,0.0,0.0,87.0,0.0,0.0,0.0,0,0,0,0,0,0.0,0,0,0,0,0,0,0,boysitbike,80,87,0,87,87,old_lr3_last,0,0,0
359,347,17,2856,54.44173107700634,32,0,168,17,1,441,440,2856,0,39,347,93,0.6609386010448205,440.0,0.0,0.0,0.0,440.0,0.0,0.0,0.0,12,0,0,1,1,11283135.953769546,168,0,17,15,0,156,17,boysumbrella,39,440,32,440,440,old_lr3_last,0,0,0
334,310,444,5757,113.97114676814195,31,0,586,448,7,809,808,5757,0,101,319,489,0.3188173123295386,807.999989437434,0.0,3.5255488753318787,0.0,808.0,0.0,0.0,0.0,15,0,0,7,1,49930564.14030912,587,1,12,5,0,571,448,boytakepath,101,808,31,808,808,old_lr3_last,0,0,0
391,391,0,1939,17.39470461690844,0,0,0,0,0,392,391,1939,0,391,391,0,0.8300640130157807,391.0000008620505,0.0,190.99320805072784,0.0,391.0,0.0,0.0,0.0,0,0,0,0,0,0.0,0,0,0,0,0,0,0,browncarturn,391,391,0,391,391,old_lr3_last,0,0,0
140,140,0,678,4.011312565756974,0,0,0,0,0,141,140,678,0,136,140,0,0.8963679419612027,139.9999989029321,0.0,38.94040220975876,0.0,140.0,0.0,0.0,0.0,0,0,0,0,0,0.0,0,0,0,0,0,0,0,carcomeonlight2,136,140,0,140,140,old_lr3_last,0,0,0
157,157,0,707,9.983730875050409,0,0,0,0,0,158,157,707,0,115,157,0,0.8069549458423841,157.0,0.0,0.0,0.0,157.0,0.0,0.0,0.0,0,0,0,0,0,0.0,0,0,0,0,0,0,0,comebike,115,157,0,157,157,old_lr3_last,0,0,0
791,627,297,6608,557.0219830597957,100,0,393,319,8,930,929,6608,0,0,775,154,0.5235204409607329,929.0,0.0,0.0,0.0,929.0,0.0,0.0,0.0,16,0,0,8,0,13526111.660384795,393,29,41,27,7,377,319,dotat43,0,929,100,929,929,old_lr3_last,0,0,0
52,52,0,260,1.3600908703702796,0,0,0,0,0,53,52,260,0,29,52,0,0.8691859459054541,51.99999960859233,0.0,12.672365844249725,0.0,52.0,0.0,0.0,0.0,0,0,0,0,0,0.0,0,0,0,0,0,0,0,downmoto,29,52,0,52,52,old_lr3_last,0,0,0
193,193,0,1013,11.891507886038495,6,0,19,0,0,195,193,1008,0,0,193,0,0.8389082619384169,193.0,0.0,0.0,0.0,193.0,0.0,0.0,0.0,0,0,0,0,0,526717.7251336805,19,0,2,4,0,19,0,easy_4women,0,194,6,193,193,old_lr3_last,0,0,0
265,265,0,1319,23.189705034949863,0,0,0,0,0,266,265,1319,0,265,265,0,0.8579091003792199,264.99999752937265,0.0,8.030862390995026,0.0,265.0,0.0,0.0,0.0,0,0,0,0,0,0.0,0,0,0,0,0,0,0,elector_0115,265,265,0,265,265,old_lr3_last,0,0,0
753,676,224,6028,241.16539914085956,95,0,160,243,7,1161,1160,6028,0,152,739,421,0.5164304374428182,1160.0,0.0,0.0,0.0,1160.0,0.0,0.0,0.0,14,0,0,7,6,14346186.915785827,160,14,57,23,1,146,243,exercisebook,152,1160,95,1160,1160,old_lr3_last,73,0,13
149,148,1,674,2.1078280231524724,1,0,1,0,0,151,150,674,0,32,149,1,0.8328216992005424,150.0,0.0,0.0,0.0,150.0,0.0,0.0,0.0,0,0,0,0,0,6357.292358919921,1,0,0,1,1,1,0,folddenumbrellainhand,32,150,1,150,150,old_lr3_last,0,0,0
108,108,0,513,2.3426823442141775,0,0,0,0,0,109,108,513,0,97,108,0,0.8323307466873144,108.0000005870933,0.0,30.310736298561096,0.0,108.0,0.0,0.0,0.0,0,0,0,0,0,0.0,0,0,0,0,0,0,0,girlbike,97,108,0,108,108,old_lr3_last,0,0,0
291,85,298,1977,344.85030479801185,57,0,24,246,2,388,387,1977,0,283,286,101,0.3046396339159878,387.000005491489,0.0,2.0133620500564575,0.0,387.0,0.0,0.0,0.0,5,0,0,1,0,691520.1559529105,24,0,0,53,52,19,246,girlblack,283,387,57,387,387,old_lr3_last,312,0,210
55,54,2,397,8.134419040981443,3,0,21,3,1,67,66,397,0,0,55,11,0.6497024325562661,66.0,0.0,0.0,0.0,66.0,0.0,0.0,0.0,0,0,0,1,0,576506.644944923,21,0,3,0,0,21,3,girlintrees,0,66,3,66,66,old_lr3_last,0,0,0
295,288,5,1641,31.619857409749176,7,0,38,8,1,307,306,1641,0,236,288,18,0.7566427320259631,306.0,0.0,0.0,0.0,306.0,0.0,0.0,0.0,7,0,0,1,0,18709291.74641535,38,2,7,0,0,31,8,girlwithredhat,236,306,7,306,306,old_lr3_last,0,0,0
177,170,38,1426,23.220492128492573,5,0,60,37,1,244,216,1161,0,177,176,40,0.6718764731464427,215.99999908264076,0.0,16.60714477300644,0.0,216.0,0.0,0.0,0.0,1,0,0,1,0,16698062.50362492,60,0,0,1,0,33,37,guardatbike_ab,177,243,3,216,216,old_lr3_last,0,0,0
95,80,27,766,26.24277242284759,9,0,45,28,2,116,115,766,0,50,86,29,0.5935482551301695,115.00000107751023,0.0,3.0181477069854736,0.0,115.0,0.0,0.0,0.0,9,0,0,2,0,3535661.831690429,45,1,7,0,0,36,28,guardman,50,115,9,115,115,old_lr3_last,0,0,0
1031,1010,482,11073,176.72354027405245,119,0,810,488,11,1611,1610,11073,0,132,1019,591,0.5202137810312939,1610.0,0.0,0.0,0.0,1610.0,0.0,0.0,0.0,12,0,0,11,1,43976161.557942726,810,4,47,35,1,798,488,leftbasketball,132,1610,119,1610,1610,old_lr3_last,0,0,0
404,404,0,2104,46.560753330019104,0,0,23,0,0,405,404,2104,0,216,404,0,0.8384123397586694,404.0000016671783,0.0,24.21339237689972,0.0,404.0,0.0,0.0,0.0,0,0,0,0,0,445100.558784708,23,0,0,0,0,23,0,leftof2girls,216,404,0,404,404,old_lr3_last,0,0,0
233,225,33,1802,39.87801307762399,11,0,109,34,2,286,285,1802,0,37,226,59,0.6334893852781123,284.9999988095415,0.0,13.76820319890976,0.0,285.0,0.0,0.0,0.0,7,0,0,1,0,11471873.935376806,109,0,5,1,0,102,34,lonelyman,37,285,11,285,285,old_lr3_last,0,0,0
150,150,0,741,14.849195038901861,0,0,0,0,0,151,150,741,0,97,150,0,0.7402850068231571,150.00000088337822,0.0,2.010428547859192,0.0,150.0,0.0,1.530211329460144,0.0,0,0,0,0,0,0.0,0,0,0,0,0,0,0,man,97,150,0,150,150,old_lr3_last,0,0,0
432,409,35,3864,165.164851359917,11,0,323,35,4,505,504,3864,0,26,411,93,0.6420118206890493,504.00000228790736,0.0,3.014422118663788,0.0,504.0,0.0,0.0,0.0,21,0,0,4,1,31800435.991779424,323,0,5,5,1,302,35,man2startmoto,26,504,11,504,504,old_lr3_last,0,0,0
43,40,56,875,15.255603452441015,4,0,79,56,1,100,99,875,0,2,40,59,0.3066369509675972,99.0,0.0,0.0,0.0,99.0,0.0,0.0,0.0,3,0,0,0,0,1367215.4738351733,79,0,2,1,0,76,56,manafetrtrees,2,99,4,99,99,old_lr3_last,0,0,0
202,202,0,1091,11.469814417153437,0,0,23,0,0,204,203,1091,0,114,202,1,0.7694537547191134,202.9999987229388,0.0,12.612502038478851,0.0,203.0,0.0,0.0,0.0,0,0,0,0,0,252217.72216367512,23,0,0,0,0,23,0,meituanbike,114,203,0,203,203,old_lr3_last,0,0,0
300,297,1,1467,20.53731210895411,3,0,26,0,0,309,308,1467,0,113,297,11,0.7164416975697949,307.9999885827523,0.0,13.16412216424942,0.0,308.0,0.0,0.0,0.0,3,0,0,0,0,435769.48195185733,26,0,1,2,0,23,0,moto2north2,113,308,3,308,308,old_lr3_last,0,0,0
77,77,0,349,0.8938642113320778,0,0,0,0,0,78,77,349,0,72,77,0,0.9107133650701199,76.99999960472108,0.0,6.546757698059082,0.0,77.0,0.0,0.0,0.0,0,0,0,0,0,0.0,0,0,0,0,0,0,0,moto78,72,77,0,77,77,old_lr3_last,0,0,0
130,123,0,752,23.141906534962718,5,0,30,0,0,139,138,752,0,48,123,15,0.7282009818043609,137.99999977865636,0.0,3.540886402130127,0.0,138.0,0.0,0.0,0.0,7,0,0,0,1,265353.1645906039,30,0,3,2,0,23,0,motobesidescar,48,138,5,138,138,old_lr3_last,0,0,0
114,114,0,538,6.681011471200323,0,0,1,0,0,117,116,538,0,42,114,2,0.7713575990916413,115.9999994803978,0.0,13.136349380016327,0.0,116.0,0.0,0.0,0.0,0,0,0,0,0,49212.28849537088,1,0,0,0,0,1,0,motocome,42,116,0,116,116,old_lr3_last,0,0,0
90,90,0,433,2.0475618900651025,0,0,0,0,0,91,90,433,0,83,90,0,0.8547807163996908,89.99999936442288,0.0,10.616056561470032,0.0,90.0,0.0,0.0,0.0,0,0,0,0,0,0.0,0,0,0,0,0,0,0,motocomenight,83,90,0,90,90,old_lr3_last,0,0,0
88,88,0,431,2.195038342045791,0,0,0,0,0,89,88,431,0,88,88,0,0.8838905273593011,88.00000017970329,0.0,15.185605108737946,0.0,88.0,0.0,0.0,0.0,0,0,0,0,0,0.0,0,0,0,0,0,0,0,motowithgood,88,88,0,88,88,old_lr3_last,0,0,0
109,109,0,529,6.316414155158336,0,0,3,0,0,110,109,529,0,88,109,0,0.8184952418798863,109.00000018696241,0.0,21.27010691165924,0.0,109.0,0.0,0.0,0.0,0,0,0,0,0,52628.596406574245,3,0,0,0,0,3,0,nightmototurn,88,109,0,109,109,old_lr3_last,0,0,0
466,450,4,3036,53.092352354837004,28,0,64,4,1,603,602,3036,0,107,456,146,0.6812942165391453,601.9999858566044,0.0,2.0078346729278564,0.0,602.0,0.0,0.0,0.0,10,0,0,1,1,10532024.457879575,64,0,15,13,0,54,4,openthisexersicebook,107,602,28,602,602,old_lr3_last,0,0,0
1444,1220,585,11136,669.7390754087078,107,0,318,587,9,2110,2109,11136,0,632,1415,694,0.4924004145205896,2109.000007956188,197.46077585114432,72.25325810909271,4.009555280208588,2109.0,0.0,0.0,0.0,29,0,0,9,2,56104476.798841536,318,9,55,35,7,289,587,outer2leftmirrorback,632,2109,107,2109,2109,old_lr3_last,867,0,178
255,255,0,1241,3.1451389171939583,0,0,0,0,0,256,255,1241,0,237,255,0,0.8959305855441501,255.00000003140417,0.0,16.137915194034576,0.0,255.0,0.0,0.0,0.0,0,0,0,0,0,0.0,0,0,0,0,0,0,0,redshirtman,237,255,0,255,255,old_lr3_last,0,0,0
618,299,456,7662,482.32590037593354,163,0,749,473,7,840,839,7662,0,2,459,380,0.3212706592932318,839.0,0.0,0.0,0.0,839.0,0.0,0.0,0.0,159,0,0,6,15,44071143.32684877,749,12,60,50,14,590,473,rightbiggreenboy,2,839,163,839,839,old_lr3_last,0,0,0
304,297,59,2540,64.18239442422535,12,0,155,60,1,360,359,2540,0,69,301,58,0.6368357974042723,358.9999953425981,0.0,5.016667723655701,0.0,359.0,0.0,0.0,0.0,3,0,0,0,0,9044749.582560714,155,1,4,5,0,152,60,rightboy`shead,69,359,12,359,359,old_lr3_last,0,0,0
1040,1035,0,5755,62.7013187582994,3,0,56,0,0,1096,1052,5325,0,958,1039,13,0.8443568654192591,1052.0000033199244,0.0,148.49738401174545,0.0,1052.0,0.0,0.0,0.0,1,0,0,0,0,22997728.62284311,56,0,3,0,0,12,0,rightholdball1096,958,1095,3,1052,1052,old_lr3_last,0,0,0
504,500,2,2575,26.01336148555342,2,0,10,3,1,506,505,2575,0,493,500,5,0.8865669152542536,504.9999995972514,0.0,77.8099462389946,0.0,505.0,0.0,0.0,0.0,4,0,0,1,1,6352247.960622579,10,0,1,1,0,6,3,rightredboy,493,505,2,505,505,old_lr3_last,0,0,0
788,772,136,5506,182.51862742486708,83,0,227,134,2,948,947,5506,0,512,780,167,0.6723590246627726,947.0,0.0,0.0,0.0,947.0,0.0,0.0,0.0,8,0,0,1,1,15325264.279139424,227,1,29,8,1,219,134,rightshiningmirror,512,947,83,947,947,old_lr3_last,0,0,0
1467,1435,155,7980,252.10068998591817,19,1,2,174,1,1602,1601,7980,1,1549,1467,134,0.7668435381281533,1601.0000008718923,40.66671957818103,88.77677583694458,8.104277670383453,1601.0,0.0,0.0,0.0,0,1,1,1,0,337552.9327814353,2,19,19,0,0,2,174,righttallnine-gai,1549,1601,19,1601,1601,old_lr3_last,175,0,153
272,272,0,1353,14.071112022057626,0,0,0,0,0,273,272,1353,0,272,272,0,0.8389378705851547,272.0,0.0,0.0,0.0,272.0,0.0,0.0,0.0,0,0,0,0,0,0.0,0,0,0,0,0,0,0,rightwhite_1227,272,272,0,272,272,old_lr3_last,0,0,0
409,406,4,2092,24.961943592093945,2,0,19,5,1,412,411,2092,0,342,408,3,0.8415226931483213,410.9999963055536,0.0,91.94550657272339,0.0,411.0,0.0,0.0,0.0,1,0,0,1,0,827719.1792320369,19,1,1,1,0,18,5,stripeman,342,411,2,411,411,old_lr3_last,0,0,0
246,226,27,1677,81.54380497294595,30,0,92,35,3,260,259,1677,0,43,238,21,0.6508725104269348,259.000001681775,0.0,1.508117139339447,0.0,259.0,0.0,0.0,0.0,8,0,0,3,1,1995046.058628782,92,8,25,3,1,84,35,stubesideswhitecar,43,259,30,259,259,old_lr3_last,0,0,0
396,393,17,2846,72.07851426312803,9,0,188,20,1,443,442,2846,0,109,395,47,0.7204153048389101,441.99999139754595,0.0,4.556388437747955,0.0,442.0,0.0,0.0,0.0,1,0,0,1,0,2617787.193970449,188,3,7,2,0,187,20,suitcase,109,442,9,442,442,old_lr3_last,0,0,0
116,116,0,548,6.577506172472841,0,0,0,0,0,117,116,548,0,110,116,0,0.8363580309761753,115.99999968631042,0.0,1.507408857345581,0.0,116.0,0.0,0.0,0.0,0,0,0,0,0,0.0,0,0,0,0,0,0,0,take-out-motocoming,110,116,0,116,116,old_lr3_last,0,0,0
306,306,0,1522,27.82873085207276,1,0,10,0,0,307,306,1522,0,287,306,0,0.8426148573549167,306.0000011191058,0.0,73.25964468717575,0.0,306.0,0.0,0.0,0.0,0,0,0,0,0,297544.04613898695,10,0,0,1,0,10,0,tallboyblack,287,306,1,306,306,old_lr3_last,0,0,0
149,148,1,737,9.210848254810752,1,0,5,0,0,150,149,737,0,100,148,1,0.8359383145234123,148.99999711599185,0.0,15.198826491832733,0.0,149.0,0.0,0.0,0.0,1,0,0,0,1,73305.54785828681,5,0,0,1,1,4,0,turnblkbike,100,149,1,149,149,old_lr3_last,0,0,0
192,192,0,821,1.6870916258209898,0,0,0,0,0,193,192,821,0,93,192,0,0.8352130423723535,192.0,0.0,0.5003156065940857,0.0,192.0,0.0,0.0,0.0,0,0,0,0,0,0.0,0,0,0,0,0,0,0,unbrellainbike,93,192,0,192,192,old_lr3_last,0,0,0
9,7,239,2271,190.51523111736103,79,0,217,240,1,251,250,2271,0,5,7,243,0.03015001481014191,249.99999864820649,0.0,1.5143870115280151,0.0,250.0,0.0,0.0,0.0,2,0,0,0,0,9544416.742239872,217,0,1,0,0,215,240,waiterontheothersideofwindow,5,250,79,250,250,old_lr3_last,0,0,0
915,898,187,6453,119.25935788413983,38,1,259,186,2,1117,1116,6453,1,547,900,216,0.6803746146965106,1116.000001518365,0.0,28.701504409313202,0.0,1116.0,0.0,0.0,0.0,15,1,1,2,0,8472691.125974268,259,0,6,3,0,244,186,whiteaftertrees,547,1116,38,1116,1116,old_lr3_last,0,0,0
168,165,2,880,17.320187645169767,3,0,26,2,0,169,168,880,0,84,166,2,0.8198189869957195,168.00000087366888,0.0,35.459979593753815,0.0,168.0,0.0,0.0,0.0,2,0,0,0,1,3034040.8507614587,26,1,1,2,1,24,2,whiteatright,84,168,3,168,168,old_lr3_last,0,0,0
101,101,0,494,3.772272471355231,0,0,0,0,0,102,101,494,0,96,101,0,0.7898482653691828,101.00000061025192,0.0,34.98022413253784,0.0,101.0,0.0,0.0,0.0,0,0,0,0,0,0.0,0,0,0,0,0,0,0,whiteblcakwoman,96,101,0,101,101,old_lr3_last,0,0,0
84,84,0,414,3.8334061532502015,0,0,0,0,0,85,84,414,0,84,84,0,0.9154633034443235,83.99999875201829,0.0,41.732381761074066,0.0,84.0,0.0,0.0,0.0,0,0,0,0,0,0.0,0,0,0,0,0,0,0,whitecarafterbike,84,84,0,84,84,old_lr3_last,0,0,0
112,112,0,560,2.740011232143436,0,0,0,0,0,113,112,560,0,112,112,0,0.915594837694539,112.00000026511286,0.0,58.1292160153389,0.0,112.0,0.0,0.0,0.0,0,0,0,0,0,0.0,0,0,0,0,0,0,0,whitecarcome,112,112,0,112,112,old_lr3_last,0,0,0
149,149,0,745,5.7652833866135165,0,0,0,0,0,150,149,745,0,149,149,0,0.9253347939048521,149.0000014045932,0.0,61.03714632987976,0.0,149.0,0.0,0.0,0.0,0,0,0,0,0,0.0,0,0,0,0,0,0,0,whitecarcoming,149,149,0,149,149,old_lr3_last,0,0,0
347,347,0,1627,22.69886842113575,0,0,0,0,0,348,347,1627,0,316,347,0,0.8910893902382916,346.99999822973706,0.0,33.77810627222061,0.0,347.0,0.0,0.0,0.0,0,0,0,0,0,0.0,0,0,0,0,0,0,0,whitemancome,316,347,0,347,347,old_lr3_last,0,0,0
110,110,0,464,4.861127487184268,0,0,5,0,0,111,110,464,0,43,110,0,0.8393328306801819,109.99999968785049,0.0,8.620615541934967,0.0,110.0,0.0,0.0,0.0,0,0,0,0,0,482417.51818606956,5,0,0,0,0,5,0,womanongrass,43,110,0,110,110,old_lr3_last,0,0,0
128,127,0,713,12.938608008536487,5,0,17,2,0,143,142,713,0,57,127,15,0.7159872011568398,142.0,0.0,0.0,0.0,142.0,0.0,0.0,0.0,1,0,0,0,0,1485525.5137880654,17,0,4,1,0,16,2,yellowexcesicebook,57,142,5,142,142,old_lr3_last,0,0,0
327,327,0,1593,11.76033795257018,0,0,2,0,0,333,332,1593,0,93,327,5,0.7931903014780743,331.99999959509717,0.0,6.047380447387695,0.0,332.0,0.0,0.0,0.0,0,0,0,0,0,135034.14689128543,2,0,0,0,0,2,0,10rightblackboy,93,332,0,332,332,aggregate_lr3_last,0,0,0
223,223,0,1106,8.466406150723518,0,0,0,0,0,224,223,1106,0,207,223,0,0.8600760023328342,222.99999725886977,0.0,2.004857838153839,0.0,223.0,0.0,0.0,0.0,0,0,0,0,0,0.0,0,0,0,0,0,0,0,1boygo,207,223,0,223,223,aggregate_lr3_last,0,0,0
131,130,0,723,13.921234731048687,1,0,22,0,0,138,137,723,0,0,130,7,0.7027469822948839,137.0,0.0,0.0,0.0,137.0,0.0,0.0,0.0,1,0,0,0,0,397277.9317086333,22,0,1,0,0,21,0,2girlgoleft,0,137,1,137,137,aggregate_lr3_last,0,0,0
121,121,0,597,8.791994265194166,3,0,16,2,0,122,121,597,0,19,121,0,0.8164269490924622,121.0,0.0,0.0,0.0,121.0,0.0,0.0,0.0,0,0,0,0,0,308207.2205652076,16,2,3,0,0,16,2,2outdark,19,121,3,121,121,aggregate_lr3_last,0,0,0
134,134,0,654,8.011387461823292,0,0,0,0,0,135,134,654,0,134,134,0,0.8680172148835827,133.9999990770552,0.0,1.0006232857704163,0.0,134.0,0.0,0.0,0.0,0,0,0,0,0,0.0,0,0,0,0,0,0,0,2rdtribike,134,134,0,134,134,aggregate_lr3_last,0,0,0
164,58,354,4195,195.03513145927667,69,0,430,364,3,449,448,4195,0,0,129,319,0.10743116730051439,448.0,0.0,0.0,0.0,448.0,0.0,0.0,0.0,35,0,0,2,0,12255036.080907665,430,9,25,7,1,395,364,3whitemen,0,448,69,448,448,aggregate_lr3_last,0,0,0
191,191,0,1196,21.03906823327535,4,0,49,0,0,192,191,1196,0,14,191,0,0.8293207316926738,191.0,0.0,0.0,0.0,191.0,0.0,0.0,0.0,0,0,0,0,0,2924741.0185467056,49,0,4,0,0,49,0,4one,14,191,4,191,191,aggregate_lr3_last,0,0,0
183,183,0,1059,16.26348746021528,3,0,29,0,0,184,183,1059,0,108,183,0,0.8393441570596231,183.0,0.0,0.0,0.0,183.0,0.0,0.0,0.0,0,0,0,0,0,2639407.067178293,29,0,2,1,0,29,0,4two,108,183,3,183,183,aggregate_lr3_last,0,0,0
123,104,19,668,23.679726432156006,5,0,18,19,1,124,123,668,2,96,121,2,0.6659010752497317,123.00000066784645,0.0,15.620719134807587,0.0,123.0,0.0,0.0,0.0,2,2,2,1,0,6460926.508739133,18,0,0,0,0,16,19,9whitegirl,96,123,5,123,123,aggregate_lr3_last,0,2,0
650,583,390,6208,352.7927457813985,46,0,306,390,4,986,985,6208,0,221,648,337,0.4573434280134877,985.0000041572424,207.43068772317508,48.64865303039551,6.066044569015503,985.0000000298023,0.5021699368953705,0.5021699666976929,0.5021699666976929,2,0,0,4,0,17848905.587324694,306,3,20,11,3,304,390,Aboydownbike,221,985,46,985,985,aggregate_lr3_last,242,0,67
7669,7126,580,55349,1854.9388430765785,1167,0,3673,662,58,8406,8393,55241,0,710,7267,1126,0.6732751994366403,8393.00001042898,0.0,1.001245379447937,0.0,8393.0,0.0,0.0,0.0,402,0,0,58,49,758047654.7538176,3673,62,797,318,5,3260,662,ab_bolster,710,8405,1165,8393,8393,aggregate_lr3_last,0,0,0
162,159,6,895,8.017220571408988,3,0,13,7,1,172,168,865,0,96,161,7,0.7996410320742837,168.00000195881574,0.0,18.70353764295578,0.0,168.0,0.0,0.0,0.0,1,0,0,1,0,375660.34538179537,13,1,1,0,0,9,7,ab_motocometurn,96,171,3,168,168,aggregate_lr3_last,0,0,0
56,53,3,374,5.776056060668482,2,0,11,3,1,65,64,374,0,48,53,11,0.7406887954884371,63.99999984235211,0.0,5.534238278865814,0.0,64.0,0.0,0.0,0.0,3,0,0,1,0,892817.6437540693,11,0,0,2,0,8,3,ab_mototurn,48,64,2,64,64,aggregate_lr3_last,0,0,0
5323,4052,1989,39798,2725.5103353620007,1010,1,1885,2060,78,6981,6980,39798,14,2090,4894,2086,0.5142073413733262,6980.0,0.0,0.0,0.0,6980.0,0.0,0.0,0.0,429,14,14,77,176,267552600.12203032,1885,164,508,443,111,1456,2060,ab_rightcupcoming_infwhite_quezhen,2090,6980,1010,6980,6980,aggregate_lr3_last,2243,13,771
226,226,0,1088,8.170298689627305,0,0,0,0,0,227,226,1088,0,226,226,0,0.8147495766241794,225.9999991090042,0.0,84.1357439160347,0.0,226.0,0.0,0.0,0.0,0,0,0,0,0,0.0,0,0,0,0,0,0,0,abeauty_1202,226,226,0,226,226,aggregate_lr3_last,0,0,0
158,158,0,790,3.311316753097757,0,0,0,0,0,159,158,790,0,158,158,0,0.918821354944955,158.0,0.0,0.0,0.0,158.0,0.0,0.0,0.0,0,0,0,0,0,0.0,0,0,0,0,0,0,0,aboy_1202,158,158,0,158,158,aggregate_lr3_last,0,0,0
272,272,0,1322,9.882344834911232,0,0,1,0,0,273,272,1322,0,263,272,0,0.9099240404249361,272.0,0.0,0.0,0.0,272.0,0.0,0.0,0.0,0,0,0,0,0,112736.87894258082,1,0,0,0,0,1,0,agirl_1202,263,272,0,272,272,aggregate_lr3_last,0,0,0
882,882,0,4410,17.639287868451294,0,0,2,0,0,883,882,4410,0,777,882,0,0.8669657949462239,882.0,0.0,0.0,0.0,882.0,0.0,0.0,0.0,0,0,0,0,0,25246.420879501384,2,0,0,0,0,2,0,ajiandan_blkdog,777,882,0,882,882,aggregate_lr3_last,0,0,0
126,113,58,1116,20.842271414756055,19,0,66,53,3,175,174,1116,0,12,115,59,0.542005020853373,174.0,0.0,0.0,0.0,174.0,0.0,0.0,0.0,11,0,0,2,6,386787.41722394153,66,1,3,6,6,55,53,basketball,12,174,19,174,174,aggregate_lr3_last,0,0,0
66,62,30,878,32.44660431658164,16,0,77,33,3,110,109,878,0,0,64,45,0.42826493705299107,109.0,0.0,0.0,0.0,109.0,0.0,0.0,0.0,2,0,0,2,0,2950592.563655955,77,2,12,3,0,75,33,basketballshooting,0,109,16,109,109,aggregate_lr3_last,0,0,0
149,148,0,738,3.8140786731164003,0,0,3,0,0,150,149,738,0,102,148,1,0.8500433985975272,149.0000030953029,0.0,8.528730034828186,0.0,149.0,0.0,0.0,0.0,1,0,0,0,0,50180.78285798654,3,0,0,0,0,2,0,bike150,102,149,0,149,149,aggregate_lr3_last,0,0,0
32,32,251,2885,40.425251157411026,23,0,278,254,1,314,313,2885,0,0,32,281,0.09949705813238197,313.0,0.0,0.0,0.0,313.0,0.0,0.0,0.0,0,0,0,0,0,4454706.445233532,278,1,5,2,0,278,254,bikecoming,0,313,23,313,313,aggregate_lr3_last,0,0,0
229,224,2,1307,20.50808301693433,1,0,27,2,0,256,255,1307,0,114,224,31,0.724525982580833,254.9999987270485,0.0,46.69972997903824,0.0,255.0,0.0,0.0,0.0,5,0,0,0,0,2004793.5034799706,27,0,1,0,0,22,2,blackboy256,114,255,1,255,255,aggregate_lr3_last,0,0,0
291,290,3,1782,40.74806098161661,3,0,52,3,0,316,315,1782,0,184,290,25,0.7568580459286627,315.0000008079088,0.0,1.5067139863967896,0.0,315.0,0.0,0.0,0.0,1,0,0,0,0,6529060.799549714,52,0,2,1,0,51,3,blackman_0115,184,315,3,315,315,aggregate_lr3_last,0,0,0
111,111,0,555,1.6936264683884366,0,0,0,0,0,112,111,555,0,108,111,0,0.8570360375886568,111.0,0.0,0.0,0.0,111.0,0.0,0.0,0.0,0,0,0,0,0,0.0,0,0,0,0,0,0,0,blkbikecomes,108,111,0,111,111,aggregate_lr3_last,0,0,0
325,325,0,1640,21.361365875394235,0,0,0,0,0,329,328,1640,0,289,325,3,0.8836935746415805,327.99999609877784,0.0,4.022532045841217,0.0,328.0,0.0,0.0,0.0,0,0,0,0,0,0.0,0,0,0,0,0,0,0,blkboy,289,328,0,328,328,aggregate_lr3_last,0,0,0
180,180,0,882,12.05879244580823,0,0,1,0,0,181,180,882,0,165,180,0,0.892418396251467,180.0,0.0,0.0,0.0,180.0,0.0,0.0,0.0,0,0,0,0,0,214291.83221447468,1,0,0,0,0,1,0,blkboywithbluebag,165,180,0,180,180,aggregate_lr3_last,0,0,0
438,433,1,2270,53.74023467126132,3,0,25,1,0,451,450,2270,0,175,433,17,0.7835981242099317,449.9999984353781,0.0,0.5024080872535706,0.0,450.0,0.0,0.0,0.0,5,0,0,0,2,433334.25865356333,25,0,1,2,0,20,1,blkboywithumbrella,175,450,3,450,450,aggregate_lr3_last,2,0,1
390,390,0,1952,10.870342171598603,0,0,0,0,0,392,391,1952,0,389,390,1,0.8815931292254288,390.999997134813,0.0,75.0855553150177,0.0,391.0,0.0,0.0,0.0,0,0,0,0,0,0.0,0,0,0,0,0,0,0,blkcarfollowingwhite,389,391,0,391,391,aggregate_lr3_last,0,0,0
227,227,0,1063,6.451929606787125,0,0,0,0,0,228,227,1063,0,145,227,0,0.8523028141446048,227.00000077509597,0.0,16.16023677587509,0.0,227.0,0.0,0.0,0.0,0,0,0,0,0,0.0,0,0,0,0,0,0,0,blueboybike,145,227,0,227,227,aggregate_lr3_last,0,0,0
454,454,0,2290,19.657304277188405,0,0,0,0,0,459,458,2290,0,458,454,4,0.90118191708849,457.9999921278576,0.0,52.8374747633934,0.0,458.0,0.0,0.0,0.0,0,0,0,0,0,0.0,0,0,0,0,0,0,0,bluelittletruck,458,458,0,458,458,aggregate_lr3_last,0,0,0
233,168,62,1747,86.98131741261707,21,0,117,65,4,247,246,1747,0,64,208,38,0.5343845794932082,245.99999665733372,0.0,2.0115910172462463,0.0,246.0,0.0,0.0,0.0,25,0,0,4,3,22327454.284781933,117,4,14,7,3,92,65,boybackpack,64,246,21,246,246,aggregate_lr3_last,0,0,0
141,97,213,2642,176.9334148308572,79,0,221,226,4,318,317,2642,0,0,127,190,0.20587729410061456,317.0,0.0,0.0,0.0,317.0,0.0,0.0,0.0,14,0,0,3,2,6157579.02098061,221,16,29,9,1,207,226,boybesidescarwithouthat,0,317,79,317,317,aggregate_lr3_last,0,0,0
217,215,48,2004,63.465403874033825,4,0,126,50,1,282,281,2004,0,63,215,66,0.577505177731841,281.0000020584281,0.0,11.154652893543243,0.0,281.0,0.0,0.0,0.0,2,0,0,0,0,47542470.33922,126,2,2,0,0,124,50,boyfollowing,63,281,4,281,281,aggregate_lr3_last,0,0,0
756,756,0,3631,29.464686897712863,0,1,0,0,0,757,756,3631,1,677,756,0,0.8985835351381075,755.9999998956501,0.0,26.201114296913147,0.0,755.9999998509884,0.0,0.5035281777381897,0.0,0,1,1,0,0,0.0,0,0,0,0,0,0,0,boyinsnowfield4,677,756,0,756,756,aggregate_lr3_last,0,0,0
379,378,0,1840,15.486415734873209,0,0,9,0,0,382,381,1840,0,337,378,3,0.8501756148257572,381.0000048881482,0.0,77.22722899913788,0.0,381.0,0.0,0.0,0.0,1,0,0,0,0,166490.54214856122,9,0,0,0,0,8,0,boyleave,337,381,0,381,381,aggregate_lr3_last,0,0,0
81,81,0,383,2.703185789228943,1,0,3,0,0,83,82,383,0,21,81,1,0.7382034971124936,82.0,0.0,0.0,0.0,82.0,0.0,0.0,0.0,0,0,0,0,0,166687.58138440782,3,0,0,1,0,3,0,boyouttrees,21,82,1,82,82,aggregate_lr3_last,0,0,0
384,379,0,2062,25.684123510838464,3,0,30,1,0,386,385,2062,0,295,380,5,0.8207847939030561,385.0000086816658,0.0,9.037842035293579,0.0,385.0,0.0,0.0,0.0,4,0,0,0,1,12083056.626992524,30,1,1,2,0,26,1,boyrightrubbish,295,385,3,385,385,aggregate_lr3_last,0,0,0
158,151,8,822,15.434243264874105,6,0,10,5,0,161,158,817,0,90,157,2,0.766616458758963,159.0,0.0,1.00071519613266,0.0,159.0,0.0,0.0,0.0,1,0,0,0,0,201445.6062181795,10,0,1,5,2,9,5,boysback,91,160,6,159,159,aggregate_lr3_last,0,0,0
87,87,0,423,3.831973582803627,0,0,0,0,0,88,87,423,0,80,87,0,0.851372253059251,87.0,0.0,0.0,0.0,87.0,0.0,0.0,0.0,0,0,0,0,0,0.0,0,0,0,0,0,0,0,boysitbike,80,87,0,87,87,aggregate_lr3_last,0,0,0
356,344,15,2982,65.07139084380833,30,0,193,16,1,441,440,2982,0,39,344,96,0.6590570963400593,440.0,0.0,0.0,0.0,440.0,0.0,0.0,0.0,12,0,0,1,0,12952974.881085917,193,0,23,7,0,181,16,boysumbrella,39,440,30,440,440,aggregate_lr3_last,0,0,0
272,247,512,6015,94.5209339429266,30,0,639,513,5,809,808,6015,0,101,256,552,0.26388283880861024,807.9999891713982,0.0,3.018006920814514,0.0,808.0,0.0,0.0,0.0,16,0,0,5,1,58554787.36983128,639,1,9,5,1,623,513,boytakepath,101,808,30,808,808,aggregate_lr3_last,0,0,0
391,391,0,1939,17.091679884433653,0,0,0,0,0,392,391,1939,0,391,391,0,0.8300640130157807,390.9999974371162,0.0,183.42203027009964,0.0,391.0,0.0,0.0,0.0,0,0,0,0,0,0.0,0,0,0,0,0,0,0,browncarturn,391,391,0,391,391,aggregate_lr3_last,0,0,0
140,140,0,678,3.9340290031840066,0,0,0,0,0,141,140,678,0,136,140,0,0.8963679419612027,139.99999894940115,0.0,32.82346576452255,0.0,140.0,0.0,0.0,0.0,0,0,0,0,0,0.0,0,0,0,0,0,0,0,carcomeonlight2,136,140,0,140,140,aggregate_lr3_last,0,0,0
157,157,0,707,9.565245478659257,0,0,0,0,0,158,157,707,0,115,157,0,0.8069549458423841,157.0,0.0,0.0,0.0,157.0,0.0,0.0,0.0,0,0,0,0,0,0.0,0,0,0,0,0,0,0,comebike,115,157,0,157,157,aggregate_lr3_last,0,0,0
687,241,682,7544,776.4077357387622,70,0,580,694,8,930,929,7544,0,0,627,302,0.20294717310125546,929.0,0.0,0.0,0.0,929.0,0.0,0.0,0.0,60,0,0,7,0,23115409.609233733,580,14,26,12,2,520,694,dotat43,0,929,70,929,929,aggregate_lr3_last,0,0,0
52,52,0,260,1.3464619580272332,0,0,0,0,0,53,52,260,0,29,52,0,0.8691859459054541,52.00000040835489,0.0,11.137797176837921,0.0,52.0,0.0,0.0,0.0,0,0,0,0,0,0.0,0,0,0,0,0,0,0,downmoto,29,52,0,52,52,aggregate_lr3_last,0,0,0
193,193,0,1075,16.384680263255937,8,0,31,0,0,195,193,1070,0,0,193,0,0.8365183661355519,193.0,0.0,0.0,0.0,193.0,0.0,0.0,0.0,0,0,0,0,0,862582.8749927992,31,0,5,3,0,31,0,easy_4women,0,194,8,193,193,aggregate_lr3_last,0,0,0
265,265,0,1319,22.53709506689403,0,0,0,0,0,266,265,1319,0,265,265,0,0.8579091003792199,264.9999956234564,0.0,4.014368236064911,0.0,265.0,0.0,0.0,0.0,0,0,0,0,0,0.0,0,0,0,0,0,0,0,elector_0115,265,265,0,265,265,aggregate_lr3_last,0,0,0
752,677,211,6177,243.37179720473642,94,0,192,220,9,1161,1160,6177,0,152,739,421,0.5244341087089688,1160.0,0.0,0.0,0.0,1160.0,0.0,0.0,0.0,13,0,0,9,4,16521670.237926334,192,10,59,24,3,179,220,exercisebook,152,1160,94,1160,1160,aggregate_lr3_last,73,0,13
149,148,1,677,1.8888359122684175,0,0,2,1,0,151,150,677,0,32,149,1,0.8283659413233674,150.0,0.0,0.0,0.0,150.0,0.0,0.0,0.0,0,0,0,0,0,14917.31254137622,2,0,0,0,0,2,1,folddenumbrellainhand,32,150,0,150,150,aggregate_lr3_last,0,0,0
108,108,0,513,2.2403217836708085,0,0,0,0,0,109,108,513,0,97,108,0,0.8323307466873144,107.99999966386297,0.0,26.2267005443573,0.0,108.0,0.0,0.0,0.0,0,0,0,0,0,0.0,0,0,0,0,0,0,0,girlbike,97,108,0,108,108,aggregate_lr3_last,0,0,0
291,86,297,1987,343.1923437435124,58,0,26,245,2,388,387,1987,0,283,286,101,0.3073052299519671,386.9999989282439,0.0,1.5091750621795654,0.0,387.0,0.0,0.0,0.0,5,0,0,1,0,747764.8094046507,26,0,0,53,52,21,245,girlblack,283,387,58,387,387,aggregate_lr3_last,312,0,210
56,53,2,415,9.958257519871164,4,0,24,3,1,67,66,415,0,0,54,12,0.6435207737584451,66.0,0.0,0.0,0.0,66.0,0.0,0.0,0.0,2,0,0,1,0,657492.3613894557,24,0,4,0,0,22,3,girlintrees,0,66,4,66,66,aggregate_lr3_last,0,0,0
293,287,6,1648,30.301698827690167,10,0,38,8,1,307,306,1648,0,234,287,19,0.7554635592319019,306.0,0.0,0.0,0.0,306.0,0.0,0.0,0.0,6,0,0,1,2,18722901.37657022,38,3,7,3,1,32,8,girlwithredhat,234,306,10,306,306,aggregate_lr3_last,0,0,0
89,35,173,2146,46.19577541343462,7,0,190,173,1,244,216,1876,0,42,85,131,0.1318349872942399,215.9999942779541,0.0,0.5016334056854248,0.0,216.0,0.0,0.0,0.0,4,0,0,0,0,53529225.94814643,190,0,0,0,0,159,173,guardatbike_ab,42,243,5,216,216,aggregate_lr3_last,0,0,0
93,80,26,761,24.791842209389003,2,0,45,26,2,116,115,761,0,50,84,31,0.6064625631668414,114.99999940038333,0.0,1.5132864713668823,0.0,115.0,0.0,0.0,0.0,9,0,0,2,0,3411344.629209727,45,0,1,0,0,36,26,guardman,50,115,2,115,115,aggregate_lr3_last,0,0,0
1153,1134,360,10626,176.80245024143974,87,0,729,368,12,1611,1610,10626,0,223,1144,466,0.5891357319188607,1610.0,0.0,0.0,0.0,1610.0,0.0,0.0,0.0,9,0,0,12,0,41463307.81515246,729,4,39,22,1,720,368,leftbasketball,223,1610,87,1610,1610,aggregate_lr3_last,0,0,0
158,92,306,3525,120.3841342118148,30,0,306,314,2,405,404,3525,0,37,124,280,0.17782024463560128,404.0,0.0,0.0,0.0,404.0,0.0,0.0,0.0,34,0,0,1,3,18733372.371517166,306,10,21,8,1,272,314,leftof2girls,37,404,30,404,404,aggregate_lr3_last,286,0,31
227,224,22,1861,44.52941947192146,14,0,123,24,1,286,285,1861,0,37,224,61,0.6429704486723334,284.99999891571883,0.0,13.255844116210938,0.0,285.0,0.0,0.0,0.0,3,0,0,1,0,14008701.827882359,123,0,8,4,0,120,24,lonelyman,37,285,14,285,285,aggregate_lr3_last,0,0,0
150,150,0,741,14.379647260559127,0,0,0,0,0,151,150,741,0,97,150,0,0.7402850068231571,150.0000000741374,0.0,1.00414377450943,0.0,150.0,0.0,1.5262311697006226,0.0,0,0,0,0,0,0.0,0,0,0,0,0,0,0,man,97,150,0,150,150,aggregate_lr3_last,0,0,0
437,411,31,4090,188.59113200495406,11,0,370,30,3,505,504,4090,0,26,417,87,0.6464703316617187,504.0000014785229,0.0,1.0110675692558289,0.0,504.0,0.0,0.0,0.0,20,0,0,3,0,34764598.10463385,370,0,4,5,1,350,30,man2startmoto,26,504,11,504,504,aggregate_lr3_last,0,0,0
43,40,56,878,16.024479291947713,5,0,80,56,1,100,99,878,0,2,40,59,0.3066369509675972,99.0,0.0,0.0,0.0,99.0,0.0,0.0,0.0,3,0,0,0,0,1333695.4751221277,80,0,2,1,0,77,56,manafetrtrees,2,99,5,99,99,aggregate_lr3_last,0,0,0
202,202,0,1121,13.323143449147707,0,0,29,0,0,204,203,1121,0,114,202,1,0.7694537547191134,202.9999948914068,0.0,11.083239495754242,0.0,203.0,0.0,0.0,0.0,0,0,0,0,0,321674.48557645734,29,0,0,0,0,29,0,meituanbike,114,203,0,203,203,aggregate_lr3_last,0,0,0
298,296,1,1510,24.587076792671944,1,0,35,0,0,309,308,1510,0,113,296,12,0.7157379384482518,307.99999628834115,0.0,12.62224966287613,0.0,308.0,0.0,0.0,0.0,2,0,0,0,0,543768.3212903177,35,0,0,1,0,33,0,moto2north2,113,308,1,308,308,aggregate_lr3_last,0,0,0
77,77,0,349,0.8723223689544416,0,0,0,0,0,78,77,349,0,72,77,0,0.9107133650701199,76.99999864388694,0.0,4.030951201915741,0.0,77.0,0.0,0.0,0.0,0,0,0,0,0,0.0,0,0,0,0,0,0,0,moto78,72,77,0,77,77,aggregate_lr3_last,0,0,0
130,123,0,752,23.077974781583457,5,0,30,0,0,139,138,752,0,48,123,15,0.7282009818043609,138.00000004124828,0.0,3.5309374928474426,0.0,138.0,0.0,0.0,0.0,7,0,0,0,1,265353.1645906039,30,0,3,2,0,23,0,motobesidescar,48,138,5,138,138,aggregate_lr3_last,0,0,0
114,114,0,543,6.43520717616534,0,0,2,0,0,117,116,543,0,42,114,2,0.7713575990916413,116.00000008509525,0.0,12.107343852519989,0.0,116.0,0.0,0.0,0.0,0,0,0,0,0,101459.0596330941,2,0,0,0,0,2,0,motocome,42,116,0,116,116,aggregate_lr3_last,0,0,0
90,90,0,433,1.9623728563406089,0,0,0,0,0,91,90,433,0,83,90,0,0.8547807163996908,90.00000041124778,0.0,9.084765553474426,0.0,90.0,0.0,0.0,0.0,0,0,0,0,0,0.0,0,0,0,0,0,0,0,motocomenight,83,90,0,90,90,aggregate_lr3_last,0,0,0
88,88,0,431,2.109901756283356,0,0,0,0,0,89,88,431,0,88,88,0,0.8838905273593011,87.99999983075155,0.0,14.15515947341919,0.0,88.0,0.0,0.0,0.0,0,0,0,0,0,0.0,0,0,0,0,0,0,0,motowithgood,88,88,0,88,88,aggregate_lr3_last,0,0,0
109,109,0,529,6.0391212173875015,0,0,3,0,0,110,109,529,0,88,109,0,0.8184952418798863,109.00000020951319,0.0,17.229203641414642,0.0,109.0,0.0,0.0,0.0,0,0,0,0,0,52628.596406574245,3,0,0,0,0,3,0,nightmototurn,88,109,0,109,109,aggregate_lr3_last,0,0,0
462,451,4,3102,56.44762646498458,31,0,74,4,1,603,602,3102,0,108,455,147,0.6812116428144094,601.9999987483025,0.0,1.0042570233345032,0.0,602.0,0.0,0.0,0.0,7,0,0,1,2,12707080.793168608,74,0,13,18,0,67,4,openthisexersicebook,108,602,31,602,602,aggregate_lr3_last,0,0,0
1447,1221,571,11539,701.6554272732128,113,0,402,576,7,2110,2109,11539,0,627,1414,695,0.49218497350557516,2109.000001186683,16.787100985646248,29.527374744415283,0.5003572702407837,2109.0,0.0,0.0,0.0,33,0,0,7,7,70709747.38589585,402,8,60,43,7,369,576,outer2leftmirrorback,627,2109,113,2109,2109,aggregate_lr3_last,867,0,179
255,255,0,1241,2.9971047531161794,0,0,0,0,0,256,255,1241,0,237,255,0,0.8959305855441501,255.00000100439397,0.0,11.598634898662567,0.0,255.0,0.0,0.0,0.0,0,0,0,0,0,0.0,0,0,0,0,0,0,0,redshirtman,237,255,0,255,255,aggregate_lr3_last,0,0,0
527,276,509,7916,521.3842638567187,158,0,782,531,4,840,839,7916,0,2,401,438,0.28370720082570733,839.0,0.0,0.0,0.0,839.0,0.0,0.0,0.0,126,0,0,4,11,46360466.30546492,782,13,62,29,8,656,531,rightbiggreenboy,2,839,158,839,839,aggregate_lr3_last,0,0,0
306,297,59,2594,67.40632403625708,14,0,166,60,1,360,359,2594,0,69,301,58,0.636629793331425,359.0000034369498,0.0,3.008985757827759,0.0,359.0,0.0,0.0,0.0,5,0,0,0,0,10250098.709203942,166,1,5,5,0,161,60,rightboy`shead,69,359,14,359,359,aggregate_lr3_last,0,0,0
1041,1033,2,5760,59.13663490321396,4,0,57,1,0,1096,1052,5330,0,958,1039,13,0.8435343903969625,1051.9999956162587,0.0,118.10536873340607,0.0,1052.0,0.0,0.0,0.0,2,0,0,0,0,23810793.920352243,57,1,2,2,1,12,1,rightholdball1096,958,1095,4,1052,1052,aggregate_lr3_last,0,0,0
504,500,0,2565,25.506008929781686,5,0,8,1,0,506,505,2565,0,493,501,4,0.8868589539073826,504.9999966489778,0.0,63.638006806373596,0.0,505.0,0.0,0.0,0.0,3,0,0,0,1,4820098.284347884,8,0,2,3,0,5,1,rightredboy,493,505,5,505,505,aggregate_lr3_last,0,0,0
862,837,82,5342,150.49814056573916,42,0,191,78,2,948,947,5342,0,572,845,102,0.7305119413745289,947.0,0.0,0.0,0.0,947.0,0.0,0.0,0.0,17,0,0,2,0,12945982.574202308,191,1,27,12,1,174,78,rightshiningmirror,572,947,42,947,947,aggregate_lr3_last,0,0,0
1467,1435,155,7980,246.67890951377842,19,1,2,174,1,1602,1601,7980,1,1549,1467,134,0.7668435381281533,1600.9999976873055,34.82739407611678,72.62078160047531,7.581699192523956,1601.0,0.0,0.0,0.0,0,1,1,1,0,337552.9327814353,2,19,19,0,0,2,174,righttallnine-gai,1549,1601,19,1601,1601,aggregate_lr3_last,175,0,153
272,272,0,1353,13.55573051058646,0,0,0,0,0,273,272,1353,0,272,272,0,0.8389378705851547,272.0,0.0,0.0,0.0,272.0,0.0,0.0,0.0,0,0,0,0,0,0.0,0,0,0,0,0,0,0,rightwhite_1227,272,272,0,272,272,aggregate_lr3_last,0,0,0
409,406,4,2097,24.193588642993056,2,0,20,5,1,412,411,2097,0,342,408,3,0.8415226931483213,411.00000236738884,0.0,83.28400510549545,0.0,411.0,0.0,0.0,0.0,1,0,0,1,0,859523.9278734579,20,1,1,1,0,19,5,stripeman,342,411,2,411,411,aggregate_lr3_last,0,0,0
211,191,57,1784,76.54867421048363,22,0,114,60,3,260,259,1784,0,47,205,54,0.5727938111595045,258.9999999589198,0.0,2.006725549697876,0.0,259.0,0.0,0.0,0.0,6,0,0,3,2,2222665.174812422,114,3,11,5,1,108,60,stubesideswhitecar,47,259,22,259,259,aggregate_lr3_last,0,0,0
262,256,131,3145,94.75073612396261,17,0,241,140,1,443,442,3145,0,109,262,180,0.4909841419919347,441.99999392992345,0.0,4.043816387653351,0.0,442.0,0.0,0.0,0.0,0,0,0,0,0,3932553.6195707307,241,3,15,1,0,241,140,suitcase,109,442,17,442,442,aggregate_lr3_last,0,0,0
116,116,0,548,6.329362123067683,0,0,0,0,0,117,116,548,0,110,116,0,0.8363580309761753,115.99999976158142,0.0,0.5036988258361816,0.0,116.0,0.0,0.0,0.0,0,0,0,0,0,0.0,0,0,0,0,0,0,0,take-out-motocoming,110,116,0,116,116,aggregate_lr3_last,0,0,0
306,306,0,1516,27.435909013925134,2,0,10,0,0,307,306,1516,0,288,306,0,0.8417743756203901,305.9999989196972,0.0,62.62122458219528,0.0,306.0,0.0,0.0,0.0,0,0,0,0,0,309317.8139691757,10,0,1,1,0,10,0,tallboyblack,288,306,2,306,306,aggregate_lr3_last,0,0,0
149,148,1,763,11.390240307412617,3,0,10,4,1,150,149,763,0,100,148,1,0.8176254598239114,149.00000110520185,0.0,13.64492005109787,0.0,149.0,0.0,0.0,0.0,1,0,0,1,0,158535.06822178257,10,3,3,0,0,9,4,turnblkbike,100,149,3,149,149,aggregate_lr3_last,0,0,0
192,192,0,826,2.1960090759063644,0,0,1,0,0,193,192,826,0,93,192,0,0.8352130423723535,192.0,0.0,0.0,0.0,192.0,0.0,0.0,0.0,0,0,0,0,0,10986.551996389171,1,0,0,0,0,1,0,unbrellainbike,93,192,0,192,192,aggregate_lr3_last,0,0,0
8,7,239,2335,190.87858851674252,61,0,226,240,1,251,250,2335,0,5,7,243,0.03015001481014191,250.00000183284283,0.0,1.010079026222229,0.0,250.0,0.0,0.0,0.0,1,0,0,0,0,10424704.841176525,226,0,1,0,0,225,240,waiterontheothersideofwindow,5,250,61,250,250,aggregate_lr3_last,0,0,0
945,925,146,6330,112.39340806829098,29,1,234,143,2,1117,1116,6330,1,575,928,188,0.705612090523919,1116.000006621731,0.0,19.61038100719452,0.0,1116.0,0.0,0.0,0.0,17,1,1,2,1,8337596.665534178,234,0,4,5,1,217,143,whiteaftertrees,575,1116,29,1116,1116,aggregate_lr3_last,0,0,0
168,166,1,935,20.282012637028775,4,0,36,0,0,169,168,935,0,84,166,2,0.8265006505372936,168.00000099021605,0.0,32.888284504413605,0.0,168.0,0.0,0.0,0.0,2,0,0,0,1,4209870.168306835,36,0,2,2,1,34,0,whiteatright,84,168,4,168,168,aggregate_lr3_last,0,0,0
101,101,0,494,3.5946559001272735,0,0,0,0,0,102,101,494,0,96,101,0,0.7898482653691828,100.99999994376607,0.0,31.38562709093094,0.0,101.0,0.0,0.0,0.0,0,0,0,0,0,0.0,0,0,0,0,0,0,0,whiteblcakwoman,96,101,0,101,101,aggregate_lr3_last,0,0,0
84,84,0,414,3.7333014209775977,0,0,0,0,0,85,84,414,0,84,84,0,0.9154633034443235,83.99999944119823,0.0,38.64993166923523,0.0,84.0,0.0,0.0,0.0,0,0,0,0,0,0.0,0,0,0,0,0,0,0,whitecarafterbike,84,84,0,84,84,aggregate_lr3_last,0,0,0
112,112,0,560,2.713617506784698,0,0,0,0,0,113,112,560,0,112,112,0,0.915594837694539,112.00000029813906,0.0,57.933762550354004,0.0,112.0,0.0,0.0,0.0,0,0,0,0,0,0.0,0,0,0,0,0,0,0,whitecarcome,112,112,0,112,112,aggregate_lr3_last,0,0,0
149,149,0,745,5.614977885114689,0,0,0,0,0,150,149,745,0,149,149,0,0.9253347939048521,148.99999880684132,0.0,53.846908152103424,0.0,149.0,0.0,0.0,0.0,0,0,0,0,0,0.0,0,0,0,0,0,0,0,whitecarcoming,149,149,0,149,149,aggregate_lr3_last,0,0,0
347,347,0,1627,21.68710181818809,0,0,0,0,0,348,347,1627,0,316,347,0,0.8910893902382916,347.00000042360153,0.0,25.698663473129272,0.0,347.0,0.0,0.0,0.0,0,0,0,0,0,0.0,0,0,0,0,0,0,0,whitemancome,316,347,0,347,347,aggregate_lr3_last,0,0,0
110,110,0,479,6.295915113565262,0,0,8,0,0,111,110,479,0,43,110,0,0.8393328306801819,110.0000049072941,0.0,8.107489705085754,0.0,110.0,0.0,0.0,0.0,0,0,0,0,0,785386.7979744223,8,0,0,0,0,8,0,womanongrass,43,110,0,110,110,aggregate_lr3_last,0,0,0
128,127,0,727,14.199162208851964,5,0,20,2,0,143,142,727,0,57,127,15,0.7154019516328791,142.0,0.0,0.0,0.0,142.0,0.0,0.0,0.0,1,0,0,0,0,2002372.5226722956,20,0,3,2,0,19,2,yellowexcesicebook,57,142,5,142,142,aggregate_lr3_last,0,0,0
